0 0.1 0.9106217565616307 0 0.9106217565616307 0.9106217565616307 0 0
10 0.1 1.543824701195219 0.0 1.543824701195219 0.9106217565616307 0.9106217565616307 1
20 0.1 1.8334985133795838 0.0 1.8334985133795838 0.9106217565616307 1.2272232288784248 2
30 0.1 6.256062075654705 0.0 6.256062075654705 0.9106217565616307 1.429314990378811 3
40 0.1 12.511671335200747 0.0 12.511671335200747 0.9106217565616307 2.636001761697784 4
50 0.1 57.0448307410796 0.0 57.0448307410796 0.9106217565616307 4.611135676398376 5
60 0.1 33.495360141405214 0.0 57.0448307410796 0.9106217565616307 13.350084853845246 6
70 0.1 17.4370709382151 0.0 57.0448307410796 0.9106217565616307 16.22798132349667 7
80 0.1 9.528392685274301 0.0 57.0448307410796 0.9106217565616307 16.379117525336476 8
90 0.1 5.782312925170068 0.0 57.0448307410796 0.9106217565616307 15.617925876440678 9
100 0.1 5.669599217986314 0.0 57.0448307410796 0.9106217565616307 14.634364581313616 10
110 0.1 4.362745098039215 0.0 57.0448307410796 0.9106217565616307 13.819385911920223 11
120 0.1 3.70004933399112 0.0 57.0448307410796 0.9106217565616307 13.031332510763475 12
130 0.1 11.22592766557069 0.0 57.0448307410796 0.9106217565616307 12.313541497165602 13
140 0.1 3.5096391497775583 0.0 57.0448307410796 0.9106217565616307 12.235854794908821 14
141 0.1 0.4491017964071856 0.0 57.0448307410796 0.4491017964071856 11.654107085233404 15
