10 0.9 9469.690555555555 3915.053418510521 15397.788 4456.215 0 0
20 1.3 12175.684692307694 3299.6750674829373 19191.651 4456.215 9469.690555555555 9
30 0.8 20172.496874999997 3170.1268909228797 26283.595 4456.215 11068.687090909092 22
40 109.8 4446.147233151175 5812.847064894172 34680.136 47.203 13496.369700000001 30
50 123.8 8402.107981421654 7494.274138783999 46106.612 46.861 4686.844639184388 1128
60 57.6 20828.185199652784 7675.745678747381 50991.214 46.861 6630.8412654268795 2366
70 16.9 34330.70575739645 8251.953072166429 58715.085 46.861 9410.470805234534 2942
80 6.3 48490.99533333334 5966.724823157544 61969.264 46.861 10764.221916425586 3111
90 6.1 53669.848491803285 5655.368916540793 75622.425 46.861 11513.052012602395 3174
100 9.9 60627.977353535345 9119.987487702638 96652.025 46.861 12307.971513446677 3235
110 8.7 76556.21519540236 7426.977714066005 100709.185 46.861 13742.788723455309 3334
120 59.8 85498.93558026754 7559.154874135138 108281.09 46.861 15340.207052323884 3421
130 26 91749.24144230764 6501.359415622992 108281.09 46.861 25779.351033341627 4019
140 1.8 100193.30700000003 5933.9402989751015 108637.286 46.861 29787.80429492872 4279
141 0 0 0 108637.286 46.861 30082.730766581335 4297
