0 0.9 2.461777777777778 1.873587336147648 7.657 1.547 0 0
10 3.6 1.8734166666666665 0.5620395584634392 7.657 1.373 2.461777777777778 9
20 15.4 1.721616883116882 0.7087721246282371 7.657 1.192 1.9910888888888887 45
30 63.9 2.0262456964006232 1.4433849530641045 21.848 1.157 1.7825527638190946 199
40 611 1.8525720130932897 1.2136924967080192 21.848 0.799 1.9683758949880643 838
50 1857.9 4.563872167500941 6.21107253950862 59.907 0.776 1.866539147956246 6948
60 1197.5 2.2679793736951894 9.574335464518256 1024.787 0.776 3.8297056058291212 25527
70 784.4 2.1640238398775975 1.752578593889312 1024.787 0.776 3.3310209588821897 37502
80 448.9 1.9823804856315344 1.3615779209688297 1024.787 0.776 3.1291525382613625 45346
90 273.1 2.027324789454411 1.291231659191122 1024.787 0.776 3.0258544597170602 49835
100 151.8 1.9661956521739148 1.211970893721245 1024.787 0.776 2.9739771144846423 52566
110 82.6 2.0612191283293004 1.2984040638413468 1024.787 0.776 2.945691258043039 54084
120 51 2.0887725490196054 1.226919301256388 1024.787 0.776 2.932386323074116 54910
130 15.6 1.985948717948719 1.053508380425406 1024.787 0.776 2.9246230061349645 55420
140 1 1.7573 0.1704858058607813 1024.787 0.776 2.921988178350362 55576
150 0.1 1.665 0.0 1024.787 0.776 2.9217786493001783 55586
160 0 0 0 1024.787 0.776 2.921756040081309 55587
170 0 0 0 1024.787 0.776 2.921756040081309 55587
180 0 0 0 1024.787 0.776 2.921756040081309 55587
190 0 0 0 1024.787 0.776 2.921756040081309 55587
200 0 0 0 1024.787 0.776 2.921756040081309 55587
