0 0.1 2.3443682277163527 0 2.3443682277163527 2.3443682277163527 0 0
10 0.1 0.6979062811565304 0.0 2.3443682277163527 0.6979062811565304 2.3443682277163527 1
20 0.1 1.8849206349206349 0.0 2.3443682277163527 0.6979062811565304 1.5211372544364417 2
30 0.1 2.952755905511811 0.0 2.952755905511811 0.6979062811565304 1.6423983812645062 3
40 0.1 9.514747859181732 0.0 9.514747859181732 0.6979062811565304 1.9699877623263324 4
50 0.1 41.294642857142854 0.0 41.294642857142854 0.6979062811565304 3.478939781697412 5
60 0.1 56.323396567299014 0.0 56.323396567299014 0.6979062811565304 9.78155696093832 6
70 0.1 43.9877568867512 0.0 56.323396567299014 0.6979062811565304 16.43039119041842 7
80 0.1 33.595456531236344 0.0 56.323396567299014 0.6979062811565304 19.87506190246002 8
90 0.1 24.025676295277396 0.0 56.323396567299014 0.6979062811565304 21.39955019454628 9
100 0.1 19.102153000458085 0.0 56.323396567299014 0.6979062811565304 21.662162804619392 10
110 0.1 11.607992388201712 0.0 56.323396567299014 0.6979062811565304 21.429434640604725 11
120 0.1 6.80372001957905 0.0 56.323396567299014 0.6979062811565304 20.610981119571143 12
130 0.1 5.810546875 0.0 56.323396567299014 0.6979062811565304 19.548884111879445 13
140 0.1 5.058365758754864 0.0 56.323396567299014 0.6979062811565304 18.5675743092452 14
150 0.1 5.948869223205507 0.0 56.323396567299014 0.6979062811565304 17.666960405879177 15
160 0.1 5.685131195335277 0.0 56.323396567299014 0.6979062811565304 16.934579706962072 16
170 0.1 3.194103194103194 0.0 56.323396567299014 0.6979062811565304 16.27284744157226 17
180 0.1 3.7109375 0.0 56.323396567299014 0.6979062811565304 15.546250538935091 18
190 0.1 6.989247311827956 0.0 56.323396567299014 0.6979062811565304 14.923339326359558 19
200 0.1 2.522255192878338 0.0 56.323396567299014 0.6979062811565304 14.526634725632979 20
