0 0.1 1.6232023823874773 0 1.6232023823874773 1.6232023823874773 0 0
10 0.1 39.23375363724539 0.0 39.23375363724539 1.6232023823874773 1.6232023823874773 1
20 0.1 34.85215705283567 0.0 39.23375363724539 1.6232023823874773 20.428478009816434 2
30 0.1 1.597603594608088 0.0 39.23375363724539 1.597603594608088 25.23637102415618 3
40 0.1 6.381934216985763 0.0 39.23375363724539 1.597603594608088 19.326679166769157 4
50 0.1 53.34928229665071 0.0 53.34928229665071 1.597603594608088 16.73773017681248 5
60 0.1 34.50210378681627 0.0 53.34928229665071 1.597603594608088 22.83965553011885 6
70 0.1 15.663801337153775 0.0 53.34928229665071 1.597603594608088 24.50571956678991 7
80 0.1 9.157688540646426 0.0 53.34928229665071 1.597603594608088 23.400479788085395 8
90 0.1 7.156767283349562 0.0 53.34928229665071 1.597603594608088 21.817947427258844 9
100 0.1 2.4888003982080638 0.0 53.34928229665071 1.597603594608088 20.351829412867914 10
110 0.1 1.8905472636815919 0.0 53.34928229665071 1.597603594608088 18.727917684262476 11
120 0.1 3.028798411122145 0.0 53.34928229665071 1.597603594608088 17.324803482547402 12
130 0.1 0.10010010010010009 0.0 53.34928229665071 0.10010010010010009 16.22511078474546 13
140 0.1 0.5015045135406219 0.0 53.34928229665071 0.10010010010010009 15.073324307270791 14
150 0.1 0.2502502502502503 0.0 53.34928229665071 0.10010010010010009 14.101869654355447 15
160 0.1 0.6506506506506506 0.0 53.34928229665071 0.10010010010010009 13.236143441598871 16
170 0.1 0.4008016032064128 0.0 53.34928229665071 0.10010010010010009 12.495820336248975 17
180 0.1 0.7007007007007007 0.0 53.34928229665071 0.10010010010010009 11.823874851079944 18
190 0.1 1.0025062656641603 0.0 53.34928229665071 0.10010010010010009 11.238444632638933 19
200 0.1 0.6003001500750376 0.0 53.34928229665071 0.10010010010010009 10.726647714290193 20
210 0.1 1.4007003501750876 0.0 53.34928229665071 0.10010010010010009 10.244440687422806 21
220 0.1 0.551654964894684 0.0 53.34928229665071 0.10010010010010009 9.842452490275182 22
230 0.1 0.8986520219670495 0.0 53.34928229665071 0.10010010010010009 9.438504771780378 23
240 0.1 0.3996003996003996 0.0 53.34928229665071 0.10010010010010009 9.08267757387149 24
250 0.1 0.45045045045045046 0.0 53.34928229665071 0.10010010010010009 8.735354486900645 25
260 0.1 0.20020020020020018 0.0 53.34928229665071 0.10010010010010009 8.41670433165256 26
270 0.1 0.798004987531172 0.0 53.34928229665071 0.10010010010010009 8.112389363820993 27
280 0.1 0.10015022533800699 0.0 53.34928229665071 0.10010010010010009 7.85116135038207 28
287 0.1 1.2475049900199602 0.0 53.34928229665071 0.10010010010010009 7.5838851046908955 29
