0 0.1 663.23046875 0 663.23046875 663.23046875 0 0
10 0.1 659.8046875 0.0 663.23046875 659.8046875 663.23046875 1
20 0.1 645.421875 0.0 663.23046875 645.421875 661.517578125 2
30 0.1 628.52734375 0.0 663.23046875 628.52734375 656.15234375 3
40 0.1 583.578125 0.0 663.23046875 583.578125 649.24609375 4
50 0.1 430.90625 0.0 663.23046875 430.90625 636.1125 5
60 0.1 367.19921875 0.0 663.23046875 367.19921875 601.9114583333334 6
70 0.1 361.70703125 0.0 663.23046875 361.70703125 568.3811383928571 7
80 0.1 352.95703125 0.0 663.23046875 352.95703125 542.546875 8
90 0.1 357.99609375 0.0 663.23046875 352.95703125 521.4813368055555 9
100 0.1 362.25 0.0 663.23046875 352.95703125 505.1328125 10
110 0.1 360.70703125 0.0 663.23046875 352.95703125 492.14346590909093 11
120 0.1 358.25390625 0.0 663.23046875 352.95703125 481.1904296875 12
130 0.1 355.02734375 0.0 663.23046875 352.95703125 471.73377403846155 13
140 0.1 341.37109375 0.0 663.23046875 341.37109375 463.39760044642856 14
150 0.1 336.40234375 0.0 663.23046875 336.40234375 455.2625 15
160 0.1 322.80859375 0.0 663.23046875 322.80859375 447.833740234375 16
170 0.1 388.1953125 0.0 663.23046875 322.80859375 440.47931985294116 17
180 0.1 393.34375 0.0 663.23046875 322.80859375 437.57465277777777 18
190 0.1 415.578125 0.0 663.23046875 322.80859375 435.2467105263158 19
200 0.1 441.86328125 0.0 663.23046875 322.80859375 434.26328125 20
