0 0.1 660.0625 0 660.0625 660.0625 0 0
10 0.1 654.890625 0.0 660.0625 654.890625 660.0625 1
20 0.1 642.7109375 0.0 660.0625 642.7109375 657.4765625 2
30 0.1 631.83984375 0.0 660.0625 631.83984375 652.5546875 3
40 0.1 568.21875 0.0 660.0625 568.21875 647.3759765625 4
50 0.1 464.78515625 0.0 660.0625 464.78515625 631.54453125 5
60 0.1 451.50390625 0.0 660.0625 451.50390625 603.7513020833334 6
70 0.1 448.93359375 0.0 660.0625 448.93359375 582.0016741071429 7
80 0.1 451.11328125 0.0 660.0625 448.93359375 565.3681640625 8
90 0.1 450.81640625 0.0 660.0625 448.93359375 552.6731770833334 9
100 0.1 451.16796875 0.0 660.0625 448.93359375 542.4875 10
110 0.1 446.953125 0.0 660.0625 446.953125 534.1857244318181 11
120 0.1 436.9921875 0.0 660.0625 436.9921875 526.9163411458333 12
130 0.1 410.328125 0.0 660.0625 410.328125 519.9990985576923 13
140 0.1 503.75 0.0 660.0625 410.328125 512.1654575892857 14
141 0.1 517.84375 0.0 660.0625 410.328125 511.6044270833333 15
