0 0.1 0.21875 0 0.21875 0.21875 0 0
10 0.1 0.1796875 0.0 0.21875 0.1796875 0.21875 1
20 0.1 0.16015625 0.0 0.21875 0.16015625 0.19921875 2
30 0.1 0.37109375 0.0 0.37109375 0.16015625 0.18619791666666666 3
40 0.1 0.46875 0.0 0.46875 0.16015625 0.232421875 4
50 0.1 0.69921875 0.0 0.69921875 0.16015625 0.2796875 5
60 0.1 0.75 0.0 0.75 0.16015625 0.349609375 6
70 0.1 0.62890625 0.0 0.75 0.16015625 0.4068080357142857 7
80 0.1 0.609375 0.0 0.75 0.16015625 0.4345703125 8
90 0.1 0.51953125 0.0 0.75 0.16015625 0.4539930555555556 9
100 0.1 0.51171875 0.0 0.75 0.16015625 0.460546875 10
110 0.1 0.4296875 0.0 0.75 0.16015625 0.46519886363636365 11
120 0.1 0.359375 0.0 0.75 0.16015625 0.4622395833333333 12
130 0.1 0.390625 0.0 0.75 0.16015625 0.4543269230769231 13
140 0.1 0.328125 0.0 0.75 0.16015625 0.4497767857142857 14
141 0.1 0.28125 0.0 0.75 0.16015625 0.44166666666666665 15
