0 2.8 115.32153571428572 160.82048606898005 420.219 7.39 0 0
10 16.3 146.85303067484676 288.0409011803115 1453.771 4.169 115.32153571428572 28
20 21.1 764.1935734597154 1383.6069831877112 7878.129 4.169 142.23061256544514 191
30 38.1 7140.2855590551135 1910.7762389045706 12699.456 4.169 468.6838084577114 402
40 637.1 430.27520420656265 2094.3365633847493 17552.638 0.509 3715.0187598978264 783
50 583 1016.0738540308736 4086.1116689553082 22565.307 0.509 789.7879528934873 7154
60 261.3 2411.6254894757017 7578.82565695951 31105.084 0.509 891.39352926679 12984
70 113.4 5716.932217813061 12939.21107462008 39775.559 0.509 1146.081361030968 15597
80 59.4 12877.414094276084 19208.4838442161 48507.225 0.509 1455.8862066224385 16731
90 46.4 28444.920564655167 21383.99228992785 52170.853 0.509 1847.4814484848494 17325
100 50.8 36843.13906299209 6420.984709123825 54600.846 0.509 2541.2366764292547 17789
110 52.8 24588.983530303067 7595.165025082591 54600.846 0.509 3493.5986162212384 18297
120 195.9 6012.485115875451 6687.603355428982 54600.846 0.509 4085.277938114211 18825
130 60.2 25.721352159468502 41.47292655482809 54600.846 0.509 4266.927228974212 20784
140 4.3 7.345604651162792 3.560641411642564 54600.846 0.509 4147.5404367810725 21386
141 0 0 0 54600.846 0.509 4139.232611974428 21429
