0 140.1140625 140.1140625
10 614.00703125 754.12109375
20 438.81640625 1192.9375
30 937.846875 2130.784375
40 1004.55546875 3135.33984375
50 464.01875 3599.35859375
60 902.9859375 4502.34453125
70 1465.459375 5967.80390625
80 705.64296875 6673.446875
90 521.6203125 7195.0671875
100 787.35546875 7982.42265625
110 768.84296875 8751.265625
120 1236.2234375 9987.4890625
130 1517.3296875 11504.81875
140 1090.01484375 12594.83359375
150 1780.40078125 14375.234375
160 886.5921875 15261.8265625
170 1390.7 16652.5265625
180 1509.84140625 18162.36796875
190 1019.47421875 19181.8421875
200 1301.77109375 20483.61328125
