0 9.0859375 9.0859375
10 44.46796875 53.55390625
20 83.05390625 136.6078125
30 166.4125 303.0203125
40 794.2203125 1097.240625
50 1883.775 2981.015625
60 1850.30546875 4831.32109375
70 1663.50234375 6494.8234375
80 1372.05 7866.8734375
90 837.01875 8703.8921875
100 469.2875 9173.1796875
110 267.25390625 9440.43359375
120 200.5140625 9640.94765625
130 185.55 9826.49765625
140 201.19609375 10027.69375
150 285.01875 10312.7125
160 142.33984375 10455.05234375
170 179.10859375 10634.1609375
180 153.15546875 10787.31640625
190 117.14296875 10904.459375
200 103.8484375 11008.3078125
