0 0.1 0.0 0 0.0 0.0 0 0
10 0.1 0.0 0.0 0.0 0.0 0.0 1
20 0.1 0.0 0.0 0.0 0.0 0.0 2
30 0.1 0.0 0.0 0.0 0.0 0.0 3
40 0.1 0.0703125 0.0 0.0703125 0.0 0.0 4
50 0.1 0.37890625 0.0 0.37890625 0.0 0.0140625 5
60 0.1 0.55859375 0.0 0.55859375 0.0 0.07486979166666667 6
70 0.1 0.78125 0.0 0.78125 0.0 0.14397321428571427 7
80 0.1 0.8984375 0.0 0.8984375 0.0 0.2236328125 8
90 0.1 0.76171875 0.0 0.8984375 0.0 0.2986111111111111 9
100 0.1 0.7890625 0.0 0.8984375 0.0 0.344921875 10
110 0.1 0.671875 0.0 0.8984375 0.0 0.38529829545454547 11
120 0.1 0.640625 0.0 0.8984375 0.0 0.4091796875 12
130 0.1 0.5390625 0.0 0.8984375 0.0 0.4269831730769231 13
140 0.1 0.4609375 0.0 0.8984375 0.0 0.4349888392857143 14
150 0.1 0.46875 0.0 0.8984375 0.0 0.43671875 15
160 0.1 0.3984375 0.0 0.8984375 0.0 0.438720703125 16
170 0.1 0.33984375 0.0 0.8984375 0.0 0.43635110294117646 17
180 0.1 0.28125 0.0 0.8984375 0.0 0.4309895833333333 18
190 0.1 0.3203125 0.0 0.8984375 0.0 0.4231085526315789 19
200 0.1 0.26953125 0.0 0.8984375 0.0 0.41796875 20
