0 2.4 195.08737499999998 221.17187212735195 646.878 9.607 0 0
10 10.9 352.6180733944955 478.8758968894195 1591.524 5.183 195.08737499999998 24
20 12.4 1736.3156129032266 2413.1391320474204 7910.578 5.183 324.1914812030076 133
30 25.6 5913.864761718748 2241.505059808572 14391.309 5.183 1005.527638132296 257
40 583.1 421.3639372320342 2240.4963591899987 20562.828 1.531 3454.9122456140344 513
50 1413.4 180.7558635913398 1847.1843851205463 23542.928 1.424 666.6682061790655 6344
60 1169.2 481.19521724255935 3645.620239930182 32978.728 1.424 331.2895046391243 20478
70 771.6 1986.203907465001 8147.1474176045285 41354.399 1.424 385.7718668324523 32170
80 443.9 2030.7585857174997 8796.809579761926 49599.374 1.424 695.377583763725 39886
90 272.7 7614.000848184811 13018.557332850996 51699.13 1.424 829.1115097123502 44325
100 152 8532.61412960525 7751.232678057943 51699.13 1.424 1222.344384532005 47052
110 82.2 5688.875395377129 7521.594539410341 51699.13 1.424 1451.1101346042965 48572
120 62.2 16800.44769131832 5316.500726386133 51699.13 1.424 1521.6337416082902 49394
130 78.4 17730.765841836743 4034.466714182095 51699.13 1.424 1711.6413846968949 50016
140 56.6 12890.409768551242 5191.924051411822 51699.13 1.424 1958.865667657478 50800
150 98.9 9779.72700505561 4975.216730578462 51699.13 1.424 2079.319936261338 51366
160 34 9668.081941176482 5648.222271726532 51699.13 1.424 2224.7826922738973 52355
170 55.5 10355.261529729729 3214.419666027693 51699.13 1.424 2272.808534282188 52695
180 52 9726.2099423077 5311.43791240527 51699.13 1.424 2357.0481852206553 53250
190 27 7196.671866666667 6286.432363479882 51699.13 1.424 2428.3140233029553 53770
200 29.1 7155.973556701028 5802.633080510712 51699.13 1.424 2452.1381650074 54040
