10 0.1 17054.342 0 17054.342 17054.342 0 0
20 0 0 0 17054.342 17054.342 17054.342 1
30 0 0 0 17054.342 17054.342 17054.342 1
40 0.1 40286.479 0.0 40286.479 17054.342 17054.342 1
50 86.6 7620.253931870671 7127.039995350307 51729.284 84.612 28670.410499999998 2
60 65.6 20851.620327743916 6514.849673097971 60332.275 84.612 7668.756596774196 868
70 95.5 27352.56142722513 6533.847334541332 68524.055 84.612 13343.270118766413 1524
80 56.8 38131.44713908456 7962.793333017595 76168.965 84.612 18740.153216619612 2479
90 30.4 50035.550565789454 7384.299830115987 78588.181 84.612 22354.93987495899 3047
100 19.3 58907.74460103623 7681.833883544682 99949.379 84.612 24866.102408534774 3351
110 13.4 68860.44036567165 7507.267296947836 99949.379 84.612 26719.950304458245 3544
120 6.2 78671.36170967744 7716.510359415164 111992.82 84.612 28255.248202283856 3678
130 14.3 92282.66597902097 8422.302123485155 115052.742 84.612 29091.023345989313 3740
140 9.1 101198.19379120875 8320.283813972686 121493.586 84.612 31418.19432114345 3883
150 18.4 112061.56046739136 7584.7623381720105 139815.888 84.612 33016.075536990444 3974
160 6.8 120387.79902941178 8308.32820592252 141552.785 84.612 36513.99983405484 4158
170 11.4 132536.27328070175 8394.94490563047 168504.783 84.612 37863.60190345481 4226
180 14 144256.82980714296 6798.831643737844 168504.783 84.612 40350.39557557605 4340
190 8 150130.94265000004 6461.199604266607 170612.875 84.612 43597.47164531251 4480
200 10.4 160803.61474999998 6203.008782678739 181938.786 84.612 45466.47990855264 4560
