0 1.4 2.3712142857142853 3.291756222065996 14.232 1.167 0 0
10 4.7 1.7328936170212765 0.8748744890905126 14.232 1.162 2.3712142857142853 14
20 18.8 1.761739361702127 1.4983698167006676 18.171 1.053 1.8793934426229508 61
30 74 1.7480662162162188 1.0742833297796444 18.171 0.809 1.7905622489959836 249
40 845.8 3.846449751714361 12.030906350400222 1018.756 0.666 1.7587654196157754 989
50 1156.7 6.964874729834784 8.890734514817927 1018.756 0.666 3.6278914999470806 9447
60 661.6 1.8777463724304706 1.5824280707874128 1018.756 0.655 5.46470909869606 21014
70 417.5 1.8121729341317385 1.3522824249838243 1018.756 0.655 4.605811328266341 27630
80 227 2.3828837004405266 21.34152154083922 1018.756 0.655 4.239094136142085 31805
90 163.9 2.033330689444783 1.4474522172254582 1018.756 0.655 4.115437564196596 34075
100 61.1 1.9766301145662841 1.3260004865584865 1018.756 0.655 4.0198847510779805 35714
110 1.1 2.3008181818181823 2.0654233472355696 1018.756 0.655 3.9855164487267443 36325
120 0.1 3.192 0.0 1018.756 0.655 3.985006439894292 36336
130 0 0 0 1018.756 0.655 3.9849846162313622 36337
138 0 0 0 1018.756 0.655 3.9849846162313622 36337
