0 0.1 4.232995982210768 0 4.232995982210768 4.232995982210768 0 0
10 0.1 0.7466401194624191 0.0 4.232995982210768 0.7466401194624191 4.232995982210768 1
20 0.1 3.5148514851485153 0.0 4.232995982210768 0.7466401194624191 2.4898180508365932 2
30 0.1 3.3596837944664033 0.0 4.232995982210768 0.7466401194624191 2.8314958622739006 3
40 0.1 11.158594491927825 0.0 11.158594491927825 0.7466401194624191 2.963542845322026 4
50 0.1 43.486073674752916 0.0 43.486073674752916 0.7466401194624191 4.602553174643186 5
60 0.1 38.60953213817228 0.0 43.486073674752916 0.7466401194624191 11.083139924661474 6
70 0.1 33.0 0.0 43.486073674752916 0.7466401194624191 15.01548166944873 7
80 0.1 24.721106648817493 0.0 43.486073674752916 0.7466401194624191 17.26354646076764 8
90 0.1 17.611241217798597 0.0 43.486073674752916 0.7466401194624191 18.092164259439844 9
100 0.1 14.927468413664016 0.0 43.486073674752916 0.7466401194624191 18.04407195527572 10
110 0.1 16.005535055350553 0.0 43.486073674752916 0.7466401194624191 17.760744360583747 11
120 0.1 16.62849289967934 0.0 43.486073674752916 0.7466401194624191 17.614476918480978 12
130 0.1 6.048780487804878 0.0 43.486073674752916 0.7466401194624191 17.538631993957775 13
138 0.1 1.1448481831757094 0.0 43.486073674752916 0.7466401194624191 16.717928314946853 14
