0 0.1 691.12890625 0 691.12890625 691.12890625 0 0
10 0.1 688.73828125 0.0 691.12890625 688.73828125 691.12890625 1
20 0.1 663.6171875 0.0 691.12890625 663.6171875 689.93359375 2
30 0.1 638.4765625 0.0 691.12890625 638.4765625 681.1614583333334 3
40 0.1 561.42578125 0.0 691.12890625 561.42578125 670.490234375 4
50 0.1 413.23046875 0.0 691.12890625 413.23046875 648.67734375 5
60 0.1 343.98046875 0.0 691.12890625 343.98046875 609.4361979166666 6
70 0.1 312.1640625 0.0 691.12890625 312.1640625 571.5139508928571 7
80 0.1 304.65234375 0.0 691.12890625 304.65234375 539.09521484375 8
90 0.1 307.0234375 0.0 691.12890625 304.65234375 513.0460069444445 9
100 0.1 301.90234375 0.0 691.12890625 301.90234375 492.44375 10
110 0.1 275.43359375 0.0 691.12890625 275.43359375 475.12180397727275 11
120 0.1 334.19921875 0.0 691.12890625 275.43359375 458.4811197916667 12
130 0.1 498.80859375 0.0 691.12890625 275.43359375 448.9209735576923 13
138 0.1 582.67578125 0.0 691.12890625 275.43359375 452.484375 14
