0 0.1 0.0 0 0.0 0.0 0 0
10 0.1 0.0 0.0 0.0 0.0 0.0 1
20 0.1 0.0 0.0 0.0 0.0 0.0 2
30 0.1 0.0 0.0 0.0 0.0 0.0 3
40 0.1 0.0703125 0.0 0.0703125 0.0 0.0 4
50 0.1 0.30078125 0.0 0.30078125 0.0 0.0140625 5
60 0.1 0.55859375 0.0 0.55859375 0.0 0.061848958333333336 6
70 0.1 0.55078125 0.0 0.55859375 0.0 0.1328125 7
80 0.1 0.62109375 0.0 0.62109375 0.0 0.18505859375 8
90 0.1 0.6015625 0.0 0.62109375 0.0 0.23350694444444445 9
100 0.1 0.66015625 0.0 0.66015625 0.0 0.2703125 10
110 0.1 0.55859375 0.0 0.66015625 0.0 0.3057528409090909 11
120 0.1 0.5390625 0.0 0.66015625 0.0 0.32682291666666663 12
130 0.1 0.4609375 0.0 0.66015625 0.0 0.34314903846153844 13
138 0.1 0.390625 0.0 0.66015625 0.0 0.3515625 14
