0 2.6 92.78096153846155 144.9681102419215 513.7 7.903 0 0
10 16.5 129.06911515151515 215.23759413643634 1233.775 7.316 92.78096153846155 26
20 22.4 1004.0255446428566 1585.7115082657742 7932.322 7.316 124.12936649214659 191
30 38.8 6071.340451030928 1892.2746428433854 11979.593 7.316 599.0612795180721 415
40 672.6 509.4074269997021 2306.9478809209013 15392.632 1.21 3243.2011531755916 803
50 700.7 842.6492634508331 3811.90294536153 22470.509 1.21 800.9782016204007 7529
60 643.2 1034.7712008706437 5109.257435026992 31191.661 1.21 821.0655110759483 14536
70 407.3 2241.5830935428385 8261.415697011962 39161.334 1.21 886.6204040919479 20968
80 216.6 4217.365885964913 11658.19812270797 41952.296 1.21 1107.0094873607263 25041
90 162.8 14958.036475430012 13947.68095894864 44055.412 1.21 1354.6307598044602 27207
100 238.9 5322.399472582671 4000.320588849233 44055.412 1.21 2122.6676769204096 28835
110 304.7 983.8043964555275 650.6643057412593 44055.412 1.21 2367.484460799385 31224
120 108.1 23.507997224791854 32.91780130357156 44055.412 1.21 2244.4628636456478 34271
130 13.5 26.247444444444472 30.019288163807758 44055.412 1.21 2176.550094619823 35352
138 0.9 18.608777777777775 22.02596711347655 44055.412 1.21 2168.3698917913603 35487
