0 3.29140625 3.29140625
10 28.85234375 32.14375
20 72.946875 105.090625
30 106.121875 211.2125
40 468.8125 680.025
50 1068.8609375 1748.8859375
60 905.51875 2654.4046875
70 360.359375 3014.7640625
80 202.66953125 3217.43359375
90 170.4 3387.83359375
100 120.21015625 3508.04375
110 86.5140625 3594.5578125
120 60.72734375 3655.28515625
130 63.2515625 3718.53671875
140 73.60703125 3792.14375
150 63.20703125 3855.35078125
160 67.3625 3922.71328125
170 74.50859375 3997.221875
180 104.509375 4101.73125
190 102.4703125 4204.2015625
200 89.275 4293.4765625
210 58.09296875 4351.56953125
220 44.196875 4395.76640625
230 40.1515625 4435.91796875
240 37.08671875 4473.0046875
250 50.23984375 4523.24453125
260 65.81171875 4589.05625
270 41.4359375 4630.4921875
280 46.54375 4677.0359375
290 33.2609375 4710.296875
300 41.1171875 4751.4140625
310 25.6828125 4777.096875
320 35.0875 4812.184375
330 35.40546875 4847.58984375
340 32.46953125 4880.059375
350 32.00625 4912.065625
360 25.2296875 4937.2953125
370 37.43671875 4974.73203125
380 14.475 4989.20703125
390 12.35625 5001.56328125
400 17.13203125 5018.6953125
410 26.053125 5044.7484375
420 13.59296875 5058.34140625
421 0 5058.34140625
