0 0.1 681.82421875 0 681.82421875 681.82421875 0 0
10 0.1 681.8671875 0.0 681.8671875 681.82421875 681.82421875 1
20 0.1 671.296875 0.0 681.8671875 671.296875 681.845703125 2
30 0.1 651.703125 0.0 681.8671875 651.703125 678.3294270833334 3
40 0.1 621.390625 0.0 681.8671875 621.390625 671.6728515625 4
50 0.1 503.640625 0.0 681.8671875 503.640625 661.61640625 5
60 0.1 372.96875 0.0 681.8671875 372.96875 635.287109375 6
70 0.1 389.7734375 0.0 681.8671875 372.96875 597.8130580357143 7
80 0.1 391.83203125 0.0 681.8671875 372.96875 571.80810546875 8
90 0.1 399.64453125 0.0 681.8671875 372.96875 551.8107638888889 9
100 0.1 405.328125 0.0 681.8671875 372.96875 536.594140625 10
110 0.1 410.37890625 0.0 681.8671875 372.96875 524.6608664772727 11
120 0.1 452.90625 0.0 681.8671875 372.96875 515.1373697916666 12
130 0.1 558.609375 0.0 681.8671875 372.96875 510.3503605769231 13
135 0.1 570.58203125 0.0 681.8671875 372.96875 513.7974330357143 14
