0 0.8 174.13275 150.73945622642233 392.4 10.159 0 0
10 9.4 79.90582978723404 132.70545741520783 426.954 5.178 174.13275 8
20 30 160.50933666666666 383.6053649438748 3422.965 4.775 87.29617647058822 102
30 20.4 4544.002004901959 2829.82963773805 11075.012 4.775 141.9328631840796 402
40 306.5 952.2962962479617 2762.846438371211 15780.839 1.51 1623.8175247524744 606
50 1472 345.96411046195743 2275.038224336114 20626.11 1.434 1063.1494328520844 3671
60 743.3 815.7011224270201 4247.5555820634745 28383.47 1.434 489.1203998695022 18391
70 265.4 3539.1546269781416 9784.50586318522 36508.654 1.434 583.1211166744135 25824
80 124.8 6685.110653044875 13843.248875496834 42494.638 1.434 858.6079112648375 28478
90 88.7 23338.11554227734 13864.055081390889 44562.125 1.434 1103.2245909977812 29726
100 73.5 17480.37979047619 6525.734892929644 45404.327 1.434 1747.4720765034479 30613
110 234 2906.31377863247 4460.5605815744675 45404.327 1.434 2116.353254561696 31348
120 45.9 20.21659041394334 28.52246879732033 45404.327 1.434 2171.224651686061 33688
130 5.2 9.212346153846157 4.664670467727083 45404.327 1.434 2142.3110516590045 34147
135 0.2 4.9825 0.2705000000000002 45404.327 1.434 2139.067648849382 34199
