0 0.1 0.37890625 0 0.37890625 0.37890625 0 0
10 0.1 0.3203125 0.0 0.37890625 0.3203125 0.37890625 1
20 0.1 0.26953125 0.0 0.37890625 0.26953125 0.349609375 2
30 0.1 0.23046875 0.0 0.37890625 0.23046875 0.3229166666666667 3
40 0.1 0.19921875 0.0 0.37890625 0.19921875 0.2998046875 4
50 0.1 0.48046875 0.0 0.48046875 0.19921875 0.2796875 5
60 0.1 0.55078125 0.0 0.55078125 0.19921875 0.3131510416666667 6
70 0.1 0.5390625 0.0 0.55078125 0.19921875 0.3470982142857143 7
80 0.1 0.53125 0.0 0.55078125 0.19921875 0.37109375 8
90 0.1 0.44921875 0.0 0.55078125 0.19921875 0.3888888888888889 9
100 0.1 0.4609375 0.0 0.55078125 0.19921875 0.394921875 10
110 0.1 0.390625 0.0 0.55078125 0.19921875 0.40092329545454547 11
120 0.1 0.328125 0.0 0.55078125 0.19921875 0.4000651041666667 12
130 0.1 0.28125 0.0 0.55078125 0.19921875 0.39453125 13
140 0.1 0.23828125 0.0 0.55078125 0.19921875 0.38643973214285715 14
142 0.1 0.19921875 0.0 0.55078125 0.19921875 0.3765625 15
