0 1.3 1.6520769230769228 2.0566220048919823 8.704 0.82 0 0
10 4.2 1.5914285714285714 1.3652841522285866 8.704 0.652 1.6520769230769228 13
20 19.8 1.176888888888889 1.6910029442172159 20.609 0.399 1.6057636363636365 55
30 73.5 1.1149115646258458 0.916868782109935 20.609 0.38 1.2701225296442689 253
40 1127.8 1.9001014364249085 1.5799712331340683 20.716 0.285 1.15465688259109 988
50 1005.4 1.7239653869106866 2.023668037459693 20.716 0.271 1.8400574759497892 12266
60 302.8 1.2086578599735776 1.2165232346989499 23.576 0.271 1.787764023297498 22320
70 147.5 1.1290318644067792 0.953184638062793 23.576 0.271 1.7185856477828685 25348
80 92.3 1.185279523293608 0.9399539544535929 23.576 0.271 1.6861660142415147 26823
90 36 1.168819444444445 0.7573653222115334 23.576 0.271 1.6695034959994286 27746
100 18 1.3309055555555558 0.9686530378556164 23.576 0.271 1.6630904077421245 28106
110 22.1 1.127841628959276 0.49232501063330514 23.576 0.271 1.660976525489647 28286
120 1.3 1.4715384615384615 1.244164199859897 23.576 0.271 1.6568434068825253 28507
130 0.2 0.9245000000000001 0.0065000000000000335 23.576 0.271 1.6567589410939743 28520
140 0 0 0 23.576 0.271 1.6567075941378637 28522
150 0 0 0 23.576 0.271 1.6567075941378637 28522
160 0 0 0 23.576 0.271 1.6567075941378637 28522
170 0 0 0 23.576 0.271 1.6567075941378637 28522
180 0 0 0 23.576 0.271 1.6567075941378637 28522
190 0 0 0 23.576 0.271 1.6567075941378637 28522
200 0 0 0 23.576 0.271 1.6567075941378637 28522
210 0 0 0 23.576 0.271 1.6567075941378637 28522
220 0 0 0 23.576 0.271 1.6567075941378637 28522
230 0 0 0 23.576 0.271 1.6567075941378637 28522
240 0 0 0 23.576 0.271 1.6567075941378637 28522
250 0 0 0 23.576 0.271 1.6567075941378637 28522
260 0 0 0 23.576 0.271 1.6567075941378637 28522
270 0 0 0 23.576 0.271 1.6567075941378637 28522
280 0 0 0 23.576 0.271 1.6567075941378637 28522
287 0 0 0 23.576 0.271 1.6567075941378637 28522
