0 2.9 209.72517241379308 331.4650156544916 1241.839 4.033 0 0
10 9.9 607.4391818181816 964.6865335030068 4169.238 4.033 209.72517241379308 29
20 12.3 2435.4299837398376 2883.913467883613 10858.828 4.033 517.3321015624998 128
30 23.2 7109.925793103451 2630.1686582269012 18925.679 4.033 1457.2764820717132 251
40 603.6 322.7001752816425 2062.073119647407 23708.454 0.481 4172.420664596275 483
50 724.7 572.8957808748459 3475.743029304571 30621.159 0.44 607.9302713606373 6519
60 288.6 3101.4319355509438 8909.72629955664 36569.913 0.44 589.4866455760572 13766
70 143.3 10912.262818562458 16097.154016098037 44308.277 0.44 1024.838201357196 16652
80 91.5 13090.861748633892 14996.766224660216 50769.173 0.44 1808.2874397567061 18085
90 36.4 19890.83133791209 12125.21695417316 51843.009 0.44 2351.6324656842125 19000
100 19.3 27406.56229015544 9629.565941714109 51843.009 0.44 2681.33027551126 19364
110 55.7 31727.667375224395 2907.643096113175 51843.009 0.44 2925.333434422459 19557
120 10 29793.246370000004 5254.068402488885 52144.308 0.44 3722.9321221537252 20114
130 15.1 41908.729841059605 5659.319100263166 53688.159 0.44 3851.903697536362 20214
140 7.9 42131.36899999997 5142.863781493671 54439.136 0.44 4134.082963319422 20365
150 9.2 51124.383793478264 5467.936338766986 60005.245 0.44 4280.912624682059 20444
160 23 50213.387630434765 5237.769122869332 60005.245 0.44 4490.768455784963 20536
170 19.4 58816.92696907221 1776.866003311408 60008.123 0.44 4997.182902966388 20766
180 36.3 52676.29585399444 6979.386872271175 60015.182 0.44 5495.323663883588 20960
190 14.1 35962.70919148936 4827.929358299758 60015.182 0.44 6298.52644515312 21323
200 47.8 26254.147121338938 7603.396800645556 60015.182 0.44 6493.394585631754 21464
210 20.7 16010.37357487922 9625.507701025193 60015.182 0.44 6923.876752802843 21942
220 18.8 22557.09013829787 14023.497217408923 60015.182 0.44 7008.7972838502865 22149
230 4.9 24799.285183673474 7079.673231466703 60015.182 0.44 7139.659935801585 22337
240 7.6 33497.7649868421 4077.431372104648 60015.182 0.44 7178.314525149647 22386
250 4.5 36332.761311111106 5215.4170952231225 60015.182 0.44 7267.366178390171 22462
260 10.7 43862.21957009347 4898.399843091238 60015.182 0.44 7325.478889145599 22507
270 3.6 44218.91522222222 8093.481461457903 60015.182 0.44 7498.355481206332 22614
280 22.5 26784.72023111111 21007.827945385456 60015.182 0.44 7556.719284768213 22650
287 4.7 19393.663042553195 22847.09904254393 60015.182 0.44 7745.847162928962 22875
