0 0.1 6918.07 0 6918.07 6918.07 0 0
10 0.3 9313.314333333334 1795.3288117988 11516.924 6918.07 6918.07 1
20 0.1 19409.561 0.0 19409.561 6918.07 8714.50325 4
30 0 0 0 19409.561 6918.07 10853.5148 5
40 104.6 3652.568024856597 5265.3653361709175 37989.708 42.207 10853.5148 5
50 136.4 8760.809978005876 7034.908403342816 52177.941 42.207 3686.8256213130353 1051
60 62.4 18383.456429487156 8190.879339130438 56152.248 42.207 6552.628794202905 2415
70 10.2 36999.88470588232 10052.924443709633 69416.27 42.207 8981.860924646266 3039
80 16.3 42924.752932515315 7305.329095767178 69416.27 42.207 9891.710789557466 3141
90 5.5 50004.0348909091 9113.69759670638 79648.692 42.207 11521.367529661018 3304
100 1.7 68249.00423529412 7014.478227295648 83514.471 42.207 12151.479677582614 3359
110 10.1 74628.06584158416 7050.560293531287 97437.467 42.207 12433.961288210901 3376
120 2.4 75221.41424999999 6010.8201568158065 97437.467 42.207 14240.577497555363 3477
130 2.6 97249.34488461539 7771.075748203937 112213.697 42.207 14658.61236818052 3501
140 1.2 105115.57791666668 8921.480922201226 117019.706 42.207 15267.446801247519 3527
150 1.3 126304.72392307693 6717.258469368623 138559.791 42.207 15572.102798248094 3539
160 4.9 121671.46395918369 6394.5516068679735 141648.608 42.207 15977.374215653153 3552
170 5.7 132779.39840350876 7420.245614945892 160814.171 42.207 17415.588710913635 3601
180 8.3 145527.5738433735 9994.712473396985 170939.883 42.207 19213.220518589394 3658
190 4.2 158379.20185714285 7277.230688048797 178319.607 42.207 22015.704166265707 3741
200 16 165216.08839374984 7129.141784168296 187189.751 42.207 23529.65259423738 3783
210 6.7 177206.02213432835 7225.128260298083 197012.649 42.207 29279.03877935582 3943
220 7.8 183568.1177948718 5506.743207539243 197012.649 42.207 31750.63675561097 4010
230 2.1 193686.83776190472 2766.9969099733753 202180.646 42.207 34647.34994569471 4088
240 2.6 208494.14184615386 7592.962889358295 226594.034 42.207 35460.15823095643 4109
250 1.7 211268.61617647056 8156.869128767022 229832.115 42.207 36548.15909528415 4135
260 5.9 233817.64361016947 9766.057634941706 248311.152 42.207 37263.53668930635 4152
270 1.8 241811.91383333338 5421.941736776908 249239.704 42.207 40017.441298266436 4211
280 17.5 243897.95338857136 5910.606761734888 254825.959 42.207 40876.34423173326 4229
287 2.2 250732.63068181818 4178.518545277525 254825.959 42.207 48943.733333106255 4404
