0 12.32890625 12.32890625
10 39.75078125 52.0796875
20 78.07734375 130.15703125
30 159.4078125 289.56484375
40 758.02578125 1047.590625
50 1029.66640625 2077.25703125
60 709.8390625 2787.09609375
70 596.115625 3383.21171875
80 320.775 3703.98671875
90 135.478125 3839.46484375
100 86.97734375 3926.4421875
110 150.4921875 4076.934375
120 68.2609375 4145.1953125
130 39.8796875 4185.075
140 51.64765625 4236.72265625
150 27.94140625 4264.6640625
160 91.05078125 4355.71484375
170 51.725 4407.43984375
180 110.6453125 4518.08515625
190 61.6171875 4579.70234375
200 136.95078125 4716.653125
210 97.29375 4813.946875
220 67.2609375 4881.2078125
230 24.1 4905.3078125
240 24.14765625 4929.45546875
250 22.23203125 4951.6875
260 25.40546875 4977.09296875
270 14.5640625 4991.65703125
280 29.67734375 5021.334375
287 16.34296875 5037.67734375
