0 165.63125 165.63125
10 610.4859375 776.1171875
20 477.565625 1253.6828125
30 809.3125 2062.9953125
40 583.946875 2646.9421875
50 933.090625 3580.0328125
60 1464.921875 5044.9546875
70 1641.05859375 6686.01328125
80 600.0546875 7286.06796875
90 352.9828125 7639.05078125
100 562.83828125 8201.8890625
110 890.29296875 9092.18203125
120 237.075 9329.25703125
130 1135.4890625 10464.74609375
140 690.13046875 11154.8765625
150 557.14765625 11712.02421875
160 852.72109375 12564.7453125
170 81.1015625 12645.846875
180 647.28203125 13293.12890625
190 372.80625 13665.93515625
200 1301.03671875 14966.971875
210 432.51796875 15399.48984375
220 1255.88203125 16655.371875
230 408.715625 17064.0875
240 998.25 18062.3375
250 651.59453125 18713.93203125
260 1245.0734375 19959.00546875
270 473.08359375 20432.0890625
280 1465.06328125 21897.15234375
287 531.4390625 22428.59140625
