0 0.323529411764706 11
34 0.823529411764706 28
44 2.35294117647059 108
54 3 210
64 4.70588235294118 370
74 5.32352941176471 551
84 5.05882352941176 723
94 9.41176470588235 1043
104 6.82352941176471 1275
114 2.20588235294118 1350
124 0.852941176470588 1379
134 1.05882352941176 1415
144 1.58823529411765 1469
154 1.35294117647059 1515
164 3.44117647058824 1632
174 1.82352941176471 1694
184 1.97058823529412 1761
194 2.29411764705882 1839
204 2.41176470588235 1921
214 1.94117647058824 1987
224 1.41176470588235 2035
232 1.5 2086
