0 0.0294117647058824 2.565229478244521 0 2.565229478244521 2.565229478244521 0 0
34 0.0294117647058824 2.556735100893475 0 2.556735100893475 2.556735100893475 0 0
44 0.0294117647058824 0.5497251374312844 0.0 2.556735100893475 0.5497251374312844 2.556735100893475 1
54 0.0294117647058824 2.293120638085743 0.0 2.556735100893475 0.5497251374312844 1.5532301191623796 2
64 0.0294117647058824 1.6040100250626566 0.0 2.556735100893475 0.5497251374312844 1.7998602921368339 3
74 0.0294117647058824 4.611528822055138 0.0 4.611528822055138 0.5497251374312844 1.7508977253682896 4
84 0.0294117647058824 39.14473684210527 0.0 39.14473684210527 0.5497251374312844 2.323023944705659 5
94 0.0294117647058824 52.291861552853135 0.0 52.291861552853135 0.5497251374312844 8.45997609427226 6
104 0.0294117647058824 40.843806104129264 0.0 52.291861552853135 0.5497251374312844 14.72167401692667 7
114 0.0294117647058824 28.247048138056314 0.0 52.291861552853135 0.5497251374312844 17.986940527826995 8
124 0.0294117647058824 17.26078799249531 0.0 52.291861552853135 0.5497251374312844 19.12695248451914 9
134 0.0294117647058824 14.500234631628345 0.0 52.291861552853135 0.5497251374312844 18.940336035316754 10
144 0.0294117647058824 10.483091787439614 0.0 52.291861552853135 0.5497251374312844 18.536690453163263 11
154 0.0294117647058824 6.96078431372549 0.0 52.291861552853135 0.5497251374312844 17.865557231019626 12
164 0.0294117647058824 2.2954091816367264 0.0 52.291861552853135 0.5497251374312844 17.026728545073926 13
174 0.0294117647058824 4.341391218549581 0.0 52.291861552853135 0.5497251374312844 15.974491447685555 14
184 0.0294117647058824 2.780536246276067 0.0 52.291861552853135 0.5497251374312844 15.198951432409823 15
194 0.0294117647058824 1.8509254627313656 0.0 52.291861552853135 0.5497251374312844 14.422800483276463 16
204 0.0294117647058824 1.6983016983016983 0.0 52.291861552853135 0.5497251374312844 13.6832784232444 17
214 0.0294117647058824 1.694915254237288 0.0 52.291861552853135 0.5497251374312844 13.017446382969803 18
224 0.0294117647058824 1.046337817638266 0.0 52.291861552853135 0.5497251374312844 12.421523691983882 19
232 0.0294117647058824 0.6503251625812907 0.0 52.291861552853135 0.5497251374312844 11.8527643982666 20
