0 0.0294117647058824 667.3515625 0 667.3515625 667.3515625 0 0
34 0.0294117647058824 667.140625 0 667.140625 667.140625 0 0
44 0.0294117647058824 663.33203125 0.0 667.140625 663.33203125 667.140625 1
54 0.0294117647058824 648.9140625 0.0 667.140625 648.9140625 665.236328125 2
64 0.0294117647058824 630.22265625 0.0 667.140625 630.22265625 659.7955729166666 3
74 0.0294117647058824 575.15625 0.0 667.140625 575.15625 652.40234375 4
84 0.0294117647058824 421.33984375 0.0 667.140625 421.33984375 636.953125 5
94 0.0294117647058824 389.86328125 0.0 667.140625 389.86328125 601.017578125 6
104 0.0294117647058824 364.46484375 0.0 667.140625 364.46484375 570.8526785714286 7
114 0.0294117647058824 359.69140625 0.0 667.140625 359.69140625 545.05419921875 8
124 0.0294117647058824 359.71875 0.0 667.140625 359.69140625 524.4583333333334 9
134 0.0294117647058824 359.671875 0.0 667.140625 359.671875 507.984375 10
144 0.0294117647058824 355.11328125 0.0 667.140625 355.11328125 494.50142045454544 11
154 0.0294117647058824 351.45703125 0.0 667.140625 351.45703125 482.8857421875 12
164 0.0294117647058824 344.0625 0.0 667.140625 344.0625 472.77584134615387 13
174 0.0294117647058824 365.8203125 0.0 667.140625 344.0625 463.58203125 14
184 0.0294117647058824 364.859375 0.0 667.140625 344.0625 457.06458333333336 15
194 0.0294117647058824 419.1796875 0.0 667.140625 344.0625 451.3017578125 16
204 0.0294117647058824 473.53125 0.0 667.140625 344.0625 449.41222426470586 17
214 0.0294117647058824 481.8984375 0.0 667.140625 344.0625 450.7521701388889 18
224 0.0294117647058824 491.25 0.0 667.140625 344.0625 452.39144736842104 19
232 0.0294117647058824 525.21484375 0.0 667.140625 344.0625 454.334375 20
