0 0.0294117647058824 0.0703125 0 0.0703125 0.0703125 0 0
34 0.0294117647058824 0.0390625 0 0.0390625 0.0390625 0 0
44 0.0294117647058824 0.03125 0.0 0.0390625 0.03125 0.0390625 1
54 0.0294117647058824 0.1015625 0.0 0.1015625 0.03125 0.03515625 2
64 0.0294117647058824 0.078125 0.0 0.1015625 0.03125 0.057291666666666664 3
74 0.0294117647058824 0.0703125 0.0 0.1015625 0.03125 0.0625 4
84 0.0294117647058824 0.140625 0.0 0.140625 0.03125 0.0640625 5
94 0.0294117647058824 0.3515625 0.0 0.3515625 0.03125 0.07682291666666667 6
104 0.0294117647058824 0.44140625 0.0 0.44140625 0.03125 0.11607142857142858 7
114 0.0294117647058824 0.53125 0.0 0.53125 0.03125 0.15673828125 8
124 0.0294117647058824 0.58984375 0.0 0.58984375 0.03125 0.19835069444444445 9
134 0.0294117647058824 0.5 0.0 0.58984375 0.03125 0.2375 10
144 0.0294117647058824 0.421875 0.0 0.58984375 0.03125 0.26136363636363635 11
154 0.0294117647058824 0.359375 0.0 0.58984375 0.03125 0.2747395833333333 12
164 0.0294117647058824 0.51953125 0.0 0.58984375 0.03125 0.28125 13
174 0.0294117647058824 0.44140625 0.0 0.58984375 0.03125 0.2982700892857143 14
184 0.0294117647058824 0.37109375 0.0 0.58984375 0.03125 0.3078125 15
194 0.0294117647058824 0.3203125 0.0 0.58984375 0.03125 0.311767578125 16
204 0.0294117647058824 0.26953125 0.0 0.58984375 0.03125 0.3122702205882353 17
214 0.0294117647058824 0.23046875 0.0 0.58984375 0.03125 0.3098958333333333 18
224 0.0294117647058824 0.19140625 0.0 0.58984375 0.03125 0.30571546052631576 19
232 0.0294117647058824 0.16015625 0.0 0.58984375 0.03125 0.29999999999999993 20
