0 0.441176470588235 242.48740000000004 254.68241655148998 707.827 8.688 0 0
34 1.20588235294118 218.930512195122 265.00510896300426 751.113 7.259 0 0
44 3.44117647058824 449.05801709401703 691.0372145133049 2762.719 7.259 218.930512195122 41
54 4.29411764705882 2517.6725890410953 2782.741360295699 9539.007 7.259 389.34138607594934 158
64 6.08823529411765 7500.373144927536 2709.8158508404244 14131.181 7.259 1411.5004506578946 304
74 199.882352941176 406.5406462625079 2225.3954254168452 20387.526 1.478 3878.0300939334634 511
84 370.382352941176 346.7380404192793 2641.9066282965714 27208.468 1.478 649.3121130422886 7307
94 305.058823529412 963.899196297723 5046.057810571076 34182.112 1.462 457.83898256281344 19900
104 171.588235294118 1581.0374777168306 7110.301328626266 41012.416 1.462 631.2287994516375 30272
114 84.7647058823529 3069.241699514222 10166.02025360044 47015.285 1.462 784.6986889159685 36106
124 51.7647058823529 13402.131585227284 13598.980194019485 47877.706 0.453 953.5725207756219 38988
134 35.1176470588235 8943.381484087116 5804.855032235841 47877.706 0.453 1491.254467213114 40748
144 15.7058823529412 10803.701451310866 6327.526269629247 47877.706 0.453 1703.4007563301698 41942
154 19.7941176470588 15905.199148588417 1947.1001065886155 47877.706 0.453 1817.8079644269703 42476
164 33.1176470588235 11173.576248667856 5041.063652226332 47877.706 0.453 2037.5306524832556 43149
174 22.2058823529412 7475.919262251649 4883.139217421193 47877.706 0.453 2269.8781926595143 44275
184 17.7941176470588 7599.566042975201 3361.7328613069308 47877.706 0.453 2357.1658010881633 45030
194 16.1764705882353 7525.027529090912 4352.626933178998 47877.706 0.453 2426.6662315985536 45635
204 12.0294117647059 4895.584136919323 5984.902452394704 47877.706 0.453 2487.380721446357 46185
214 6.79411764705882 4752.954281385284 6044.182821191468 47877.706 0.453 2508.5198208353004 46594
224 3.55882352941176 6257.442561983471 6791.060408933967 47877.706 0.453 2519.592204399359 46825
232 3.26470588235294 4922.060549549551 5661.239668846773 47877.706 0.453 2529.2262497550373 46946
