44 0.0294117647058824 12587.747 0 12587.747 12587.747 0 0
54 0.0294117647058824 20904.408 0.0 20904.408 12587.747 12587.747 1
64 0 0 0 20904.408 12587.747 16746.0775 2
74 0.0882352941176471 18225.946666666667 15668.282085750614 40383.567 6997.166 16746.0775 2
84 28 8355.764957983185 8135.027352813361 54374.474 60.055 17633.999 5
94 27.3823529411765 20387.481621911895 6317.497981117674 54374.474 60.055 8404.240579937295 957
104 24.4117647058824 28727.968373493954 7296.170542318703 69632.383 60.055 14313.349377648286 1888
114 9.17647058823529 43039.99254166667 9880.191602648123 72683.995 60.055 18715.164597130224 2718
124 6.26470588235294 51116.63235680747 6367.7466992818 73020.803 60.055 21219.89935577556 3030
134 4 61768.755066176476 7066.113828384874 90218.278 60.055 23183.514566759153 3243
144 2.20588235294118 72109.45814666667 7399.581225889974 99150.276 60.055 24736.516255992876 3379
154 2.58823529411765 80911.0097613636 8961.365933084753 118856.659 60.055 25765.170176606814 3454
164 5.64705882352941 92252.09746874998 8102.995901623073 123207.303 60.055 27135.253147656673 3542
174 5.05882352941176 100721.68584883718 6547.239887976806 130548.314 60.055 30483.521521960345 3734
184 4.82352941176471 111740.81860975617 8041.164264798843 141426.173 60.055 33576.44632078851 3906
194 5.29411764705882 123964.77869444442 8287.044651012831 157521.179 60.055 36726.067218918906 4070
204 3.32352941176471 132218.36265486717 6681.244419349003 157521.179 60.055 40420.88323435293 4250
214 1.38235294117647 151611.5292978723 9560.708634918321 169014.551 60.055 42798.40218336006 4363
224 1.32352941176471 155526.16051111108 8530.83968520264 185239.313 60.055 43958.08857210883 4410
232 1.73529411764706 159920.4986101695 5809.992217634785 185239.313 60.055 45085.038793714906 4455
