0 28.9965533088235 28.9965533088235
34 70.4967830882353 70.4967830882353
44 170.592830882353 241.089613970588
54 163.867417279412 404.95703125
64 261.968060661765 666.925091911765
74 239.039751838235 905.96484375
84 270.417049632353 1176.38189338235
94 401.33203125 1577.71392463235
104 298.876608455882 1876.59053308824
114 165.819393382353 2042.40992647059
124 300.803538602941 2343.21346507353
134 415.410386029412 2758.62385110294
144 505.727711397059 3264.3515625
154 518.058823529412 3782.41038602941
164 853.685891544118 4636.09627757353
174 629.294347426471 5265.390625
184 673.394761029412 5938.78538602941
194 741.684053308824 6680.46943933824
204 718.633501838235 7399.10294117647
214 660.006433823529 8059.109375
224 533.986443014706 8593.09581801471
232 541.017922794118 9134.11374080882
