0 1.7890625 1.7890625
34 4.95955882352941 4.95955882352941
44 15.3384650735294 20.2980238970588
54 24.2136948529412 44.51171875
64 44.453125 88.96484375
74 272.010569852941 360.975413602941
84 541.195082720588 902.170496323529
94 565.591452205882 1467.76194852941
104 453.169806985294 1920.93175551471
114 312.482766544118 2233.41452205882
124 151.590303308824 2385.00482536765
134 108.261259191176 2493.26608455882
144 50.3049172794118 2543.57100183824
154 51.7725183823529 2595.34352022059
164 84.4136029411765 2679.75712316176
174 68.8552389705882 2748.61236213235
184 53.3754595588235 2801.98782169118
194 48.1796875 2850.16750919118
204 45.7077205882353 2895.87522977941
214 32.8226102941176 2928.69784007353
224 15.1868106617647 2943.88465073529
232 10.2495404411765 2954.13419117647
