0 0.1 2.4159107294347915 0 2.4159107294347915 2.4159107294347915 0 0
10 0.1 0.4987531172069825 0.0 2.4159107294347915 0.4987531172069825 2.4159107294347915 1
20 0.1 1.4392059553349876 0.0 2.4159107294347915 0.4987531172069825 1.457331923320887 2
30 0.1 2.8515240904621435 0.0 2.8515240904621435 0.4987531172069825 1.451289933992254 3
40 0.1 7.125777140124343 0.0 7.125777140124343 0.4987531172069825 1.8013484731097265 4
50 0.1 36.77742375967228 0.0 36.77742375967228 0.4987531172069825 2.8662342065126496 5
60 0.1 58.90725436179982 0.0 58.90725436179982 0.4987531172069825 8.518099132039255 6
70 0.1 41.95680916703394 0.0 58.90725436179982 0.4987531172069825 15.716549879147907 7
80 0.1 35.596248325145154 0.0 58.90725436179982 0.4987531172069825 18.99658229013366 8
90 0.1 25.45779365788298 0.0 58.90725436179982 0.4987531172069825 20.84098962735716 9
100 0.1 15.870069605568446 0.0 58.90725436179982 0.4987531172069825 21.30267003040974 10
110 0.1 10.797897754419493 0.0 58.90725436179982 0.4987531172069825 20.80879726451508 11
120 0.1 10.591016548463356 0.0 58.90725436179982 0.4987531172069825 19.97455563867378 12
130 0.1 6.750849927149101 0.0 58.90725436179982 0.4987531172069825 19.252744939426826 13
140 0.1 6.457831325301205 0.0 58.90725436179982 0.4987531172069825 18.359752438549844 14
150 0.1 5.539499036608863 0.0 58.90725436179982 0.4987531172069825 17.566291030999935 15
160 0.1 3.0511811023622046 0.0 58.90725436179982 0.4987531172069825 16.81461653135049 16
170 0.1 4.576436222005842 0.0 58.90725436179982 0.4987531172069825 16.005002682586476 17
180 0.1 3.960880195599022 0.0 58.90725436179982 0.4987531172069825 15.370082323665327 18
190 0.1 2.9049729197439684 0.0 58.90725436179982 0.4987531172069825 14.769598001135522 19
200 0.1 3.2956222331529763 0.0 58.90725436179982 0.4987531172069825 14.176366747065945 20
210 0.1 2.4209486166007905 0.0 58.90725436179982 0.4987531172069825 13.658236055927231 21
220 0.1 2.2671266633809757 0.0 58.90725436179982 0.4987531172069825 13.147450263230576 22
230 0.1 2.322134387351779 0.0 58.90725436179982 0.4987531172069825 12.674392715411027 23
240 0.1 1.3406156901688182 0.0 58.90725436179982 0.4987531172069825 12.243048618408558 24
250 0.1 2.276100940128649 0.0 58.90725436179982 0.4987531172069825 11.806951301278968 25
260 0.1 1.4392059553349876 0.0 58.90725436179982 0.4987531172069825 11.440380133542417 26
270 0.1 1.2456402590931739 0.0 58.90725436179982 0.4987531172069825 11.069966275090291 27
279 0.1 0.8487269096355468 0.0 58.90725436179982 0.4987531172069825 10.71909748880468 28
