0 1.4 169.08814285714286 216.46549551466202 544.415 5.386 0 0
10 10.1 235.32853465346543 393.188410057388 1592.759 5.2 169.08814285714286 14
20 23.9 668.3700251046027 1341.1373610795886 6565.051 5.2 227.2644869565218 115
30 42.7 5399.9089437939165 2028.472634792213 14532.046 5.2 525.0730282485877 354
40 508.3 855.0401152862471 2680.7543134314697 14575.463 1.441 3190.3162240717056 781
50 1233.2 739.524546140118 3157.822003459132 29691.857 0.722 1166.0651222714864 5864
60 994.7 449.6916878455817 2970.7425026012015 34345.344 0.722 876.985193449106 18196
70 785.4 853.6424490705366 4655.186489061734 34345.344 0.722 725.9604803681177 28143
80 474.9 1020.7831806696155 5756.2966708811255 52581.933 0.722 753.8187513959477 35997
90 245.3 2731.4855617611074 10050.8410015537 52581.933 0.722 784.9338074657619 40746
100 150.6 7274.303079681265 16969.803820923644 52581.933 0.722 895.4662608393696 43199
110 119.1 23761.13248110828 17505.29592897308 63006.971 0.058 1110.3533707638949 44705
120 74.3 11939.518746971733 10752.591558944097 63006.971 0.058 1698.1404964484898 45896
130 103.1 11926.385741028113 4573.598355357384 69064.09 0.058 1861.294595810371 46639
140 74.2 10875.916022911037 4481.318050626055 69064.09 0.058 2078.9809597860262 47670
150 43 14568.867409302322 4935.3988099809685 69064.09 0.058 2213.8096348425984 48412
160 68.2 13184.19931524927 5252.847203676263 69064.09 0.058 2322.5823067851416 48842
170 56.9 11723.20969595782 5129.632260315639 69064.09 0.058 2472.1587303327656 49524
180 51.9 9657.334988439314 4334.317734286658 69064.09 0.058 2577.240238715986 50093
190 58.6 11130.658912969286 5467.522589729934 69064.09 0.058 2649.8429648502306 50612
200 35.4 10814.823177966102 6760.737679429335 69064.09 0.058 2746.912345404115 51198
210 32.3 10326.086232198133 7549.982757751419 69064.09 0.058 2802.313502191959 51552
220 38.5 10747.059527272731 7512.624881727292 69064.09 0.058 2849.1603184192745 51875
230 16.7 10920.770820359283 6618.012956624198 69064.09 0.058 2907.3442295445825 52260
240 29.8 6475.679587248321 6419.00518253187 69064.09 0.058 2932.870050985177 52427
250 22.2 6448.056896396395 9030.570068258728 69064.09 0.058 2952.893896254146 52725
260 18.6 5284.594682795698 5791.907359622984 69064.09 0.058 2967.5486677432123 52947
270 12.7 6829.569913385827 7549.647045773527 69064.09 0.058 2975.659833286279 53133
279 7 3114.8517285714297 4128.1903456028385 69064.09 0.058 2984.84959258355 53260
