0 1.4 169.08814285714286 216.46549551466202 544.415 5.386 0 0
10 10.2 233.0202843137256 391.64904410592635 1592.759 5.2 169.08814285714286 14
20 24 665.5848791666666 1338.6956782207035 6565.051 5.2 225.30433620689664 116
30 42.9 5374.734261072264 1952.9290250265292 11382.127 5.2 522.1226797752809 356
40 509.7 860.7630657249357 2695.4721977508457 14575.463 1.441 3174.059454777072 785
50 1262.6 722.6056534927887 3118.9062861005123 19795.75 0.722 1169.4909925195511 5882
60 1100.6 403.92107741232144 2805.6143114080937 26237.356 0.722 864.629619569913 18508
70 847.2 794.5459276440013 4496.714276855978 30739.488 0.722 692.8278233041932 29514
80 502.9 980.2788542453766 5627.31449168237 36475.504 0.722 715.5139650397498 37986
90 261.7 2587.0652976690885 9794.203196648617 44353.938 0.722 746.4683443914898 43015
100 163.7 7030.119014660961 16726.627247851073 52041.732 0.722 852.0267732731404 45632
110 128 22859.510069531258 16963.933818543937 56456.445 0.058 1065.9838487169168 47269
120 79.8 9814.54547493733 7067.64171699994 56456.445 0.058 1640.5726880883221 48549
130 112.2 11030.540577540103 2991.453386033521 56456.445 0.058 1772.7556026303514 49347
140 80.5 10101.746465838502 3732.526522823653 56456.445 0.058 1978.5697606649614 50469
150 46.8 13490.112728632475 2517.3562617798652 56456.445 0.058 2106.1033497679123 51274
160 71 11874.092392957733 3577.379583143434 56456.445 0.058 2209.070308704726 51742
170 58.4 11293.344678082183 4682.383239025025 56456.445 0.058 2339.8978401586196 52452
180 53.4 9601.470514981278 4104.591499693069 56456.445 0.058 2438.487721623047 53036
190 61.7 10942.660215559157 4339.125598222058 56456.445 0.058 2509.89023817435 53570
200 38.4 10194.51256770834 4737.593967162897 56456.445 0.058 2605.9099306475714 54187
210 35.1 9171.625726495718 5022.908130644459 56456.445 0.058 2659.308684795953 54571
220 40.3 9227.862987593044 5055.653378680044 56456.445 0.058 2700.9281320418036 54922
230 17 10392.571299999994 5963.770635154665 56456.445 0.058 2748.471823804789 55325
240 29.8 6256.31479194631 5939.027340853021 56456.445 0.058 2771.888292152445 55495
250 22.2 6448.056896396395 9030.570068258728 56456.445 0.058 2790.499212822396 55793
260 18.6 5284.594682795698 5791.907359622984 56456.445 0.058 2804.994933714183 56015
270 12.7 6829.569913385827 7549.647045773527 56456.445 0.058 2813.2012922012054 56201
279 7 3114.8517285714297 4128.1903456028385 56456.445 0.058 2822.2568030464417 56328
