0 39.35625 39.35625
10 270.775 310.13125
20 522.228125 832.359375
30 570.74140625 1403.10078125
40 761.2390625 2164.33984375
50 916.090625 3080.43046875
60 416.8546875 3497.28515625
70 378.39375 3875.67890625
80 179.74296875 4055.421875
90 146.91171875 4202.33359375
100 199.6015625 4401.93515625
110 745.13984375 5147.075
120 782.9953125 5930.0703125
130 1471.64140625 7401.71171875
140 1613.384375 9015.09609375
150 1121.5625 10136.65859375
160 1347.08125 11483.73984375
170 1357.04140625 12840.78125
180 1100.678125 13941.459375
190 1566.5703125 15508.0296875
200 1075.6984375 16583.728125
210 1063.30625 17647.034375
220 1492.025 19139.059375
230 913.91484375 20052.97421875
240 1564.17578125 21617.15
250 1459.6703125 23076.8203125
260 1138.2296875 24215.05
270 1109.1421875 25324.1921875
279 516.93984375 25841.13203125
