0 3.88359375 3.88359375
10 33.62578125 37.509375
20 86.22578125 123.73515625
30 129.44453125 253.1796875
40 680.3328125 933.5125
50 1740.31875 2673.83125
60 1655.859375 4329.690625
70 1456.303125 5785.99375
80 1137.32109375 6923.31484375
90 738.15546875 7661.4703125
100 483.04453125 8144.51484375
110 322.4359375 8466.95078125
120 186.35078125 8653.3015625
130 258.22421875 8911.52578125
140 200.1234375 9111.64921875
150 126.109375 9237.75859375
160 187.3046875 9425.06328125
170 149.3984375 9574.46171875
180 149.7421875 9724.20390625
190 150.55859375 9874.7625
200 123.72421875 9998.48671875
210 119.51015625 10117.996875
220 122.2375 10240.234375
230 74.13828125 10314.37265625
240 116.28359375 10430.65625
250 125.96875 10556.625
260 79.21484375 10635.83984375
270 52.1484375 10687.98828125
279 25.96953125 10713.9578125
