0 0.4 4
10 3.7 41
20 8.8 129
30 7.2 201
40 10.4 305
50 15 455
60 5.8 513
70 5.3 566
80 6.6 632
90 3.2 664
100 2.5 689
110 2.8 717
120 2.7 744
130 3.4 778
140 1.8 796
150 2.5 821
160 2.1 842
170 3.5 877
180 8.5 962
190 9.3 1055
200 6.8 1123
210 5.8 1181
220 5.7 1238
230 5.7 1295
240 4.5 1340
250 6.1 1401
260 6 1461
270 2.6 1487
280 4.4 1531
290 3.9 1570
300 5.4 1624
310 2.3 1647
320 1.6 1663
330 2.2 1685
340 1.7 1702
350 1.5 1717
360 0.4 1721
370 4.7 1768
380 0.3 1771
390 0 1771
400 1.3 1784
410 6.2 1846
420 0 1846
421 0 1846
