0 0 0
10 0.2 2
20 0.1 3
30 0 3
40 9.5 98
50 189.4 1992
60 81.5 2807
70 38 3187
80 5.4 3241
90 4.2 3283
100 2.3 3306
110 2 3326
120 7.3 3399
130 2 3419
140 2 3439
150 1.7 3456
160 5.9 3515
170 2.4 3539
180 2.1 3560
190 5.1 3611
200 1.7 3628
210 2.3 3651
220 1.6 3667
230 3.9 3706
240 2.1 3727
250 2.8 3755
260 3.3 3788
270 2.7 3815
280 5.1 3866
290 2.9 3895
300 3.2 3927
310 0.7 3934
320 1.5 3949
330 2.8 3977
340 2.4 4001
350 1.4 4015
360 0.4 4019
370 5 4069
380 7.1 4140
390 9.2 4232
400 6.5 4297
410 4.8 4345
420 1.9 4364
421 0 4364
