10 0.2 12910.422999999999 262.88200000000097 13173.305 12647.541 0 0
20 0.1 12106.792 0.0 13173.305 12106.792 12910.422999999999 2
30 0 0 0 13173.305 12106.792 12642.546 3
40 9.5 5401.693884210525 8282.494548244586 43959.965 49.909 12642.546 3
50 189.4 5653.904712777203 6868.8311802347835 47978.811 40.042 5623.352622448978 98
60 81.5 19787.276233128843 8429.996557637478 57148.068 40.042 5652.401648092381 1992
70 38 27997.031878947375 7823.726429279224 57148.068 40.042 9756.399790879954 2807
80 5.4 37790.283111111115 6936.873329774466 58316.127 40.042 11931.31042579229 3187
90 4.2 48647.10297619047 8251.185573087285 71737.948 40.042 12362.160325516825 3241
100 2.3 55363.813130434784 5824.925359359671 71737.948 40.042 12826.360018275978 3283
110 2 67546.39035 4220.6613005390545 81309.835 40.042 13122.295112522697 3306
120 7.3 78239.30998630138 7369.687016012082 98679.816 40.042 13449.559665965133 3326
130 2 90126.22959999999 8964.352785277226 118907.851 40.042 14841.042976757879 3399
140 2 97367.5924 7124.463072820481 118907.851 40.042 15281.435995905245 3419
150 1.7 111026.45605882352 9969.719293077324 139889.328 40.042 15758.81986565863 3439
160 5.9 119816.62232203389 7093.330969635027 139987.752 40.042 16227.439603877323 3456
170 2.4 127105.27829166666 5644.0262757889095 141032.436 40.042 17966.205401991472 3515
180 2.1 140051.50976190477 8503.202488554658 159256.581 40.042 18706.340397569944 3539
190 5.1 149885.62805882344 7646.040521194471 172431.482 40.042 19422.140553932593 3560
200 1.7 161809.2687647059 10489.217961468003 193242.548 40.042 21264.743119080595 3611
210 2.3 176084.62008695654 10364.42308029171 203840.716 40.042 21923.30346527013 3628
220 1.6 176936.51687500003 4646.121087901069 203840.716 40.042 22894.46486825528 3651
230 3.9 189452.8567692308 6276.337266803554 203840.716 40.042 23566.587265884926 3667
240 2.1 197126.227 6487.421378437464 210452.797 40.042 25312.28734970319 3706
250 2.8 209371.85646428572 8807.932348337004 233987.591 40.042 26280.383065468213 3727
260 3.3 221978.0831818182 9808.628910037898 244435.915 40.042 27645.645716644485 3755
270 2.7 229614.0265925926 7106.772933667817 244435.915 40.042 29338.615736800435 3788
280 5.1 238540.740745098 6493.332388726627 255859.718 40.042 30756.030177981662 3815
290 2.9 248699.64762068962 7625.490237958357 273988.733 40.042 33497.111460682885 3866
300 3.2 256512.56374999997 5666.885418119402 273988.733 40.042 35099.38965032093 3895
310 0.7 264859.3054285714 5724.312954096441 277568.166 40.042 36903.62228877006 3927
320 1.5 279413.5645333334 5199.075697027947 287236.368 40.042 37309.237383324864 3934
330 2.8 291328.62957142846 7651.0150523039765 313039.748 40.042 38228.85371840973 3949
340 2.4 299325.5983333333 7931.913639510034 318344.382 40.042 40010.7983309027 3977
350 1.4 309783.3176428572 4362.5767129431415 319451.213 40.042 41566.298255936024 4001
360 0.4 323148.18425000005 8397.743402498603 335334.158 40.042 42501.550627397264 4015
370 5 329718.5535799999 6237.369520701563 342178.448 40.042 42780.870491664595 4019
380 7.1 337501.6167464789 5744.418498001029 354190.09 40.042 46306.7697677562 4069
390 9.2 347118.12360869575 6576.209403928194 362886.291 40.042 51300.69105652174 4140
400 6.5 358285.31141538464 4268.716036307473 369103.998 40.042 57731.50480765596 4232
410 4.8 367872.5216458333 4541.594552665437 375697.446 40.042 62277.93194973238 4297
420 1.9 370285.4732631579 3692.7598831528007 379488.628 40.042 65653.89059309552 4345
421 0 0 0 379488.628 40.042 66980.1967504583 4364
