0 4 4
10 35 35
20 156 156
30 652 652
40 2527 2527
50 2372 2786
60 1557 2786
70 1177 2786
80 1123 2786
90 1081 2786
100 1058 2786
110 1038 2786
120 965 2786
130 945 2786
140 925 2786
150 908 2786
160 849 2786
170 825 2786
180 804 2786
190 753 2786
200 736 2786
210 713 2786
220 697 2786
230 658 2786
240 637 2786
250 609 2786
260 576 2786
270 549 2786
280 498 2786
290 469 2786
300 437 2786
310 430 2786
320 415 2786
330 387 2786
340 363 2786
350 349 2786
360 345 2786
370 295 2786
380 224 2786
390 132 2786
400 67 2786
410 19 2786
420 0 2786
421 0 2786
