0 1.5 1.8780666666666666 1.2133185603496257 5.901 1.237 0 0
10 4.1 1.6151951219512195 1.0575154319236635 7.676 0.951 1.8780666666666666 15
20 19 1.4986684210526307 1.2104516819212274 16.385 0.896 1.6856071428571429 56
30 73.4 1.46333514986376 0.8319271589245735 16.385 0.871 1.5412235772357716 246
40 884.6 1.4389987565001174 0.9781083232648912 19.286 0.65 1.4828867346938772 980
50 1817.1 7.581174398767325 10.634076291485332 51.279 0.65 1.443375941380016 9826
60 673 1.5024872213967462 1.609846537562627 51.279 0.65 5.427014751580566 27997
70 259.1 1.4448197607101514 0.9837651929080455 51.279 0.65 4.666451781034963 34727
80 135.9 2.1022362030905115 2.007450448528098 51.279 0.65 4.442772897797341 37318
90 67.7 1.4766469719350064 0.7582539928126882 51.279 0.65 4.360533081676479 38677
100 12.2 1.5730245901639353 0.9910958040663614 51.279 0.65 4.310922091782314 39354
110 0.6 1.9326666666666668 1.525941421622148 51.279 0.65 4.302460659641332 39476
120 0 0 0 51.279 0.65 4.30210052682238 39482
130 0 0 0 51.279 0.65 4.30210052682238 39482
140 0 0 0 51.279 0.65 4.30210052682238 39482
142 0 0 0 51.279 0.65 4.30210052682238 39482
