0 0.5 3.8801999999999994 4.137349557385742 12.087 1.366 0 0
10 4.5 2.8611999999999997 7.720367808163892 53.677 1.147 3.8801999999999994 5
20 17.7 2.2234293785310726 2.051513220430271 53.677 0.983 2.9630999999999994 50
30 70.4 2.324159090909094 2.5931390808963366 53.677 0.851 2.386352422907488 227
40 665.9 2.7853886469439897 2.948007213634094 53.677 0.662 2.3393233082706786 931
50 1522.6 5.701090503086789 9.403564004148603 66.481 0.652 2.730673649538871 7590
60 1020.4 1.8258761270090134 1.3887402213282445 66.481 0.652 4.712947799789598 22816
70 525.4 2.1569113056718714 1.7384302157109806 66.481 0.652 3.820770956995743 33020
80 214.7 2.575089892873781 2.949804150158112 66.481 0.652 3.592367377331856 38274
90 113.5 2.0951242290748944 1.7264853354842093 66.481 0.652 3.538333712674091 40421
100 65.2 2.4457162576687153 1.720217199203367 66.481 0.652 3.4989159928770683 41556
110 2.4 3.563166666666666 4.0916775152605664 66.481 0.652 3.482646891584521 42208
120 0.1 1.291 0.0 66.481 0.652 3.4826926501231164 42232
130 0.1 4.118 0.0 66.481 0.652 3.4826407548599305 42233
140 0 0 0 66.481 0.652 3.4826557986456277 42234
142 0 0 0 66.481 0.652 3.4826557986456277 42234
