0 0.1 28.074309016764836 0 28.074309016764836 28.074309016764836 0 0
10 0.1 0.29985007496251875 0.0 28.074309016764836 0.29985007496251875 28.074309016764836 1
20 0.1 1.0526315789473684 0.0 28.074309016764836 0.29985007496251875 14.187079545863677 2
30 0.1 1.4077425842131726 0.0 28.074309016764836 0.29985007496251875 9.80893022355824 3
40 0.1 4.675716440422323 0.0 28.074309016764836 0.29985007496251875 7.708633313721973 4
50 0.1 26.75222112537019 0.0 28.074309016764836 0.29985007496251875 7.102049939062043 5
60 0.1 41.17336152219873 0.0 41.17336152219873 0.29985007496251875 10.377078470113402 6
70 0.1 27.887617065556714 0.0 41.17336152219873 0.29985007496251875 14.776547477554162 7
80 0.1 16.773874319643742 0.0 41.17336152219873 0.29985007496251875 16.415431176054483 8
90 0.1 9.05905905905906 0.0 41.17336152219873 0.29985007496251875 16.455258192008845 9
100 0.1 7.688467299051423 0.0 41.17336152219873 0.29985007496251875 15.715638278713865 10
110 0.1 8.579881656804734 0.0 41.17336152219873 0.29985007496251875 14.985895462380915 11
120 0.1 8.75 0.0 41.17336152219873 0.29985007496251875 14.4520609785829 12
130 0.1 2.9903699949315765 0.0 41.17336152219873 0.29985007496251875 14.013440903307291 13
140 0.1 0.6509764646970456 0.0 41.17336152219873 0.29985007496251875 13.22607869556617 14
142 0.1 0.050050050050050046 0.0 41.17336152219873 0.050050050050050046 12.38773854684156 15
