0 0.1 679.80859375 0 679.80859375 679.80859375 0 0
10 0.1 679.171875 0.0 679.80859375 679.171875 679.80859375 1
20 0.1 658.484375 0.0 679.80859375 658.484375 679.490234375 2
30 0.1 629.5546875 0.0 679.80859375 629.5546875 672.48828125 3
40 0.1 579.265625 0.0 679.80859375 579.265625 661.7548828125 4
50 0.1 409.00390625 0.0 679.80859375 409.00390625 645.25703125 5
60 0.1 285.79296875 0.0 679.80859375 285.79296875 605.8815104166666 6
70 0.1 237.16796875 0.0 679.80859375 237.16796875 560.1545758928571 7
80 0.1 305.69140625 0.0 679.80859375 237.16796875 519.78125 8
90 0.1 369.671875 0.0 679.80859375 237.16796875 495.9934895833333 9
100 0.1 388.1796875 0.0 679.80859375 237.16796875 483.361328125 10
110 0.1 365.55078125 0.0 679.80859375 237.16796875 474.70845170454544 11
120 0.1 363.93359375 0.0 679.80859375 237.16796875 465.6119791666667 12
130 0.1 517.87109375 0.0 679.80859375 237.16796875 457.79056490384613 13
140 0.1 598.9296875 0.0 679.80859375 237.16796875 462.08203125 14
142 0.1 609.63671875 0.0 679.80859375 237.16796875 471.20520833333336 15
