0 1.9 100.07600000000001 135.082630074687 410.094 7.728 0 0
10 12.3 110.15296747967483 173.90903211236358 756.002 6.248 100.07600000000001 19
20 23 727.4151956521733 1289.609844685331 7848.049 6.248 108.80464084507045 142
30 21.3 8513.485046948354 2697.762928666131 14541.801 6.248 491.2789086021502 372
40 594.1 767.7911550244085 2785.6953598873 20020.247 1.221 3412.184733333332 585
50 1079 673.4802650602405 3281.06313436848 28516.134 1.193 1004.8383881397502 6526
60 882.6 658.9932975300261 3869.145200133114 32873.423 1.193 798.3614796142299 17316
70 468.7 1079.5617147429068 5705.928303160277 36424.53 1.193 751.3083247264944 26142
80 190.3 3402.6031623751965 10642.58311904758 43226.309 0.813 801.2134023808758 30829
90 107.6 18663.425200743503 19866.12139916383 58620.179 0.813 952.4551448124166 32732
100 160.1 14332.30179512804 12665.796457364291 58620.179 0.813 1516.1384085423576 33808
110 292.6 1464.938299384818 1286.444514185807 58620.179 0.813 2095.6147445564693 35409
120 136.4 75.21137243401763 116.41070904579425 58620.179 0.813 2047.477030233468 38335
130 20.4 14.710862745098035 13.756677974457562 58620.179 0.813 1979.712845814756 39699
140 1.9 14.069473684210527 15.062697079272992 58620.179 0.813 1969.666974463073 39903
142 0 0 0 58620.179 0.813 1968.736250738941 39922
