0 1.9 100.07600000000001 135.082630074687 410.094 7.728 0 0
10 13 104.21346153846159 170.67005749101685 756.002 6.248 100.07600000000001 19
20 24.5 697.9561510204084 1244.5031523917066 7848.049 6.248 103.68586577181212 149
30 21.9 8466.278616438354 2694.874973865466 14541.801 6.248 473.21941878172606 394
40 605.9 753.0368394124467 2746.7896813717525 18267.919 1.221 3328.8147928221856 613
50 1182.9 613.6279956885638 3128.903128996232 22267.001 1.193 989.6902994604338 6672
60 998 582.9733152304623 3636.2039598268248 29596.87 1.193 749.247026593159 18501
70 507 1015.5715856015798 5537.96855170447 36424.53 1.193 690.9832142480969 28481
80 209.6 3191.052343988546 10333.863483471227 43226.309 0.564 740.0328116598629 33551
90 121.8 18744.771607553368 19740.138794753762 47894.74 0.437 884.1497623081901 35647
100 180.5 11277.949086980605 9606.754696235837 50380.213 0.437 1474.2552121253236 36865
110 314.8 1202.8559196315084 498.0321118805875 50380.213 0.437 1931.8623350659436 38670
120 140.7 70.34878962331199 94.5994673718262 50380.213 0.437 1876.9837613467892 41818
130 20.9 14.355100478468898 13.351384165092224 50380.213 0.437 1818.1766958704459 43225
140 1.9 14.069473684210527 15.062697079272992 50380.213 0.437 1809.4968894184285 43434
142 0 0 0 50380.213 0.437 1808.711831519113 43453
