20 0.3 13660.500999999998 4447.673950218697 19517.76 8746.401 0 0
30 0.2 27674.626 4563.887999999999 32238.514 8746.401 13660.500999999998 3
40 4.8 8123.906020833335 10767.30025608486 35201.102 99.38 19266.151 5
50 80.4 8841.05067786069 8655.679732672854 55572.628 69.72 9175.06120754717 53
60 90.3 20965.60071982279 7142.637503269752 55572.628 69.72 8861.707105017498 857
70 83.8 29876.3537541766 8186.468759118164 64916.974 69.72 15071.82979488635 1760
80 27.9 41689.140659498175 8210.301992053439 65117.692 69.72 19847.115044264803 2598
90 6.7 53099.5329552239 5707.811216645924 73450.108 69.72 21965.267684741033 2877
100 19.5 62954.16432307695 8195.255948617572 102560.333 69.72 22673.82603158966 2944
110 51.2 72385.18716992185 7359.74544246307 104165.987 69.72 25176.10891366676 3139
120 41.1 78740.78506326037 6895.319251217423 104165.987 69.72 31796.50005779237 3651
130 7.1 86357.58525352116 5871.894956466537 104165.987 69.72 36546.40186410634 4062
140 0.7 96961.19957142857 6289.754871168871 108452.501 69.72 37402.098457536886 4133
142 0 0 0 108452.501 69.72 37502.80225169082 4140
