10 0.1 11566.293 0 11566.293 11566.293 0 0
20 0.5 19117.764799999997 4007.2187905517426 24507.837 11566.293 11566.293 1
30 0 0 0 24507.837 11566.293 17859.186166666666 6
40 42.5 5336.556487058818 6990.005165970528 40499.395 65.457 17859.186166666666 6
50 89.3 7268.915932810751 7769.755912905228 47269.981 65.457 5510.885438515075 431
60 54 22537.481494444455 7214.961792811278 51760.265 65.457 6696.62654984894 1324
70 47.5 31538.099181052617 8399.972673654505 67387.251 65.457 11285.715428648069 1864
80 19.1 44378.72812041884 8648.748020068937 72672.387 65.457 15398.533847798202 2339
90 14.2 53815.936169014094 7341.9227727068555 82409.853 65.457 17586.36669604743 2530
100 28 64400.60042142852 7133.487569531729 95333.182 65.457 19511.740522829343 2672
110 62.2 73907.46252090027 7042.038276099696 98773.186 65.457 23769.491461720863 2952
120 30.8 81632.05989610385 7000.813176310018 103869.406 65.457 32495.237963905973 3574
130 5.5 90263.77720000003 6177.191113243679 106108.463 65.457 36393.78025012878 3882
138 0.4 102900.958 6415.732329188033 107736.73 65.457 37146.34561264921 3937
