0 0.5 3.1266000000000003 2.606273861281658 8.335 1.697 0 0
10 2.5 2.19792 1.2993015945499335 8.335 1.425 3.1266000000000003 5
20 11.2 1.8871071428571426 0.9546518751912251 8.335 1.262 2.3526999999999996 30
30 42 1.932321428571428 1.4562031334025114 19.571 1.087 1.9854718309859152 142
40 345.1 1.770684439292955 1.1214720687952584 20.549 0.818 1.9457508896797149 562
50 1699.8 2.8948209201082458 8.398020877032254 1033.806 0.789 1.795201594816842 4013
60 983.8 9.0223904248831 15.98708466645125 1033.806 0.789 2.6847989148541216 21011
70 266.7 1.8697090363704572 1.1061037724305782 1033.806 0.789 4.7059090083957305 30849
80 124.2 2.0304347826086944 1.2299671759027646 1033.806 0.789 4.480221416636827 33516
90 69.4 1.9687896253602317 1.1899909047707191 1033.806 0.789 4.392683727487193 34758
100 14.9 1.999080536912751 1.164095250356717 1033.806 0.789 4.345234147579823 35452
110 1 2.3229999999999995 2.022700175507977 1033.806 0.789 4.335414847897527 35601
120 0 0 0 1033.806 0.789 4.334849737440675 35611
130 0 0 0 1033.806 0.789 4.334849737440675 35611
135 0 0 0 1033.806 0.789 4.334849737440675 35611
