0 0.1 4.578128805539125 0 4.578128805539125 4.578128805539125 0 0
10 0.1 0.25012506253126565 0.0 4.578128805539125 0.25012506253126565 4.578128805539125 1
20 0.1 2.144638403990025 0.0 4.578128805539125 0.25012506253126565 2.4141269340351954 2
30 0.1 1.1976047904191618 0.0 4.578128805539125 0.25012506253126565 2.3242974240201386 3
40 0.1 3.087649402390438 0.0 4.578128805539125 0.25012506253126565 2.0426242656198945 4
50 0.1 19.715447154471544 0.0 19.715447154471544 0.25012506253126565 2.251629292974003 5
60 0.1 49.01315789473684 0.0 49.01315789473684 0.25012506253126565 5.162265603223593 6
70 0.1 24.72670484122853 0.0 49.01315789473684 0.25012506253126565 11.426678787725487 7
80 0.1 11.657648794884407 0.0 49.01315789473684 0.25012506253126565 13.089182044413366 8
90 0.1 8.317214700193423 0.0 49.01315789473684 0.25012506253126565 12.930122794465705 9
100 0.1 5.645557191948945 0.0 49.01315789473684 0.25012506253126565 12.468831985038475 10
110 0.1 3.338315894369706 0.0 49.01315789473684 0.25012506253126565 11.848534276575792 11
120 0.1 5.2737317930688095 0.0 49.01315789473684 0.25012506253126565 11.139349411391953 12
130 0.1 1.0542168674698795 0.0 49.01315789473684 0.25012506253126565 10.688148056136326 13
135 0.1 0.29985007496251875 0.0 49.01315789473684 0.25012506253126565 10.000010114088722 14
