0 0.1 0.0 0 0.0 0.0 0 0
10 0.1 0.0 0.0 0.0 0.0 0.0 1
20 0.1 0.0 0.0 0.0 0.0 0.0 2
30 0.1 0.0 0.0 0.0 0.0 0.0 3
40 0.1 0.0 0.0 0.0 0.0 0.0 4
50 0.1 0.16015625 0.0 0.16015625 0.0 0.0 5
60 0.1 0.51953125 0.0 0.51953125 0.0 0.026692708333333332 6
70 0.1 0.51171875 0.0 0.51953125 0.0 0.09709821428571429 7
80 0.1 0.4296875 0.0 0.51953125 0.0 0.14892578125 8
90 0.1 0.37109375 0.0 0.51953125 0.0 0.1801215277777778 9
100 0.1 0.30859375 0.0 0.51953125 0.0 0.19921875 10
110 0.1 0.26171875 0.0 0.51953125 0.0 0.20916193181818182 11
120 0.1 0.2890625 0.0 0.51953125 0.0 0.21354166666666666 12
130 0.1 0.25 0.0 0.51953125 0.0 0.21935096153846154 13
135 0.1 0.2109375 0.0 0.51953125 0.0 0.22154017857142858 14
