10 0.2 9977.843499999999 1713.2954999999988 11691.139 8264.548 0 0
20 1.4 11945.016428571427 3464.6999293111066 16738.05 5606.253 9977.843499999999 2
30 0.5 21151.9636 8234.488653117582 33547.465 5606.253 11699.1198125 16
40 1.2 18850.642916666668 9715.839733266434 33547.465 3528.199 13949.796904761904 21
50 85 10015.870980000003 7271.227854365109 52028.131 69.147 15731.922727272728 33
60 185 15348.330636216235 6448.419731670034 53302.568 69.147 10229.494657984147 883
70 54.6 25377.460553113557 7749.183966736331 62576.723 69.147 13694.495228686439 2733
80 17.5 39640.714291428565 7360.432140264872 62576.723 69.147 15639.874633119865 3279
90 16.6 48336.490765060225 7261.098238339486 73962.506 69.147 16855.898645917787 3454
100 14.8 60354.298013513515 6599.586696638788 80960.4 69.147 18299.483809392277 3620
110 66.9 68326.74741106122 7119.146696540215 89981.938 69.147 19951.318337579632 3768
120 19.6 77495.16437755105 6484.961503904183 95492.292 69.147 27245.24712959207 4437
130 2.9 86658.15262068964 5074.106698486338 95492.292 69.147 29371.08001985755 4633
135 0.1 96838.475 0.0 96838.475 69.147 29727.434611325618 4662
