0 0.1 5.484416270470153 0 5.484416270470153 5.484416270470153 0 0
10 0.1 0.250501002004008 0.0 5.484416270470153 0.250501002004008 5.484416270470153 1
20 0.1 0.7021063189568706 0.0 5.484416270470153 0.250501002004008 2.867458636237081 2
30 0.1 1.1083123425692696 0.0 5.484416270470153 0.250501002004008 2.145674530477011 3
40 0.1 4.614604462474645 0.0 5.484416270470153 0.250501002004008 1.8863339835000754 4
50 0.1 35.61643835616438 0.0 35.61643835616438 0.250501002004008 2.4319880792949897 5
60 0.1 44.43800695249131 0.0 44.43800695249131 0.250501002004008 7.962729792106555 6
70 0.1 13.623354321694334 0.0 44.43800695249131 0.250501002004008 13.17348367216152 7
80 0.1 8.354822073233626 0.0 44.43800695249131 0.250501002004008 13.229717503353122 8
90 0.1 6.748768472906404 0.0 44.43800695249131 0.250501002004008 12.688062455562067 9
100 0.1 7.110438729198185 0.0 44.43800695249131 0.250501002004008 12.0941330572965 10
110 0.1 5.032712632108707 0.0 44.43800695249131 0.250501002004008 11.64106993656029 11
120 0.1 3.701825557809331 0.0 44.43800695249131 0.250501002004008 11.090373494522659 12
130 0.1 1.954887218045113 0.0 44.43800695249131 0.250501002004008 10.522023653237019 13
140 0.1 0.2001000500250125 0.0 44.43800695249131 0.2001000500250125 9.910085336437598 14
142 0.1 0.050050050050050046 0.0 44.43800695249131 0.050050050050050046 9.262752984010092 15
