0 0.1 686.78125 0 686.78125 686.78125 0 0
10 0.1 684.69140625 0.0 686.78125 684.69140625 686.78125 1
20 0.1 667.14453125 0.0 686.78125 667.14453125 685.736328125 2
30 0.1 639.66015625 0.0 686.78125 639.66015625 679.5390625 3
40 0.1 573.2421875 0.0 686.78125 573.2421875 669.5693359375 4
50 0.1 378.48046875 0.0 686.78125 378.48046875 650.30390625 5
60 0.1 325.04296875 0.0 686.78125 325.04296875 605.0 6
70 0.1 312.828125 0.0 686.78125 312.828125 565.0061383928571 7
80 0.1 309.33984375 0.0 686.78125 309.33984375 533.48388671875 8
90 0.1 311.5625 0.0 686.78125 309.33984375 508.57899305555554 9
100 0.1 327.99609375 0.0 686.78125 309.33984375 488.87734375 10
110 0.1 342.12890625 0.0 686.78125 309.33984375 474.2517755681818 11
120 0.1 419.75390625 0.0 686.78125 309.33984375 463.2415364583333 12
130 0.1 588.734375 0.0 686.78125 309.33984375 459.89633413461536 13
140 0.1 600.98828125 0.0 686.78125 309.33984375 469.0990513392857 14
142 0.1 603.6484375 0.0 686.78125 309.33984375 477.89166666666665 15
