0 0.1 0.0703125 0 0.0703125 0.0703125 0 0
10 0.1 0.05859375 0.0 0.0703125 0.05859375 0.0703125 1
20 0.1 0.05078125 0.0 0.0703125 0.05078125 0.064453125 2
30 0.1 0.0390625 0.0 0.0703125 0.0390625 0.059895833333333336 3
40 0.1 0.03125 0.0 0.0703125 0.03125 0.0546875 4
50 0.1 0.1015625 0.0 0.1015625 0.03125 0.05 5
60 0.1 0.390625 0.0 0.390625 0.03125 0.05859375 6
70 0.1 0.48828125 0.0 0.48828125 0.03125 0.10602678571428571 7
80 0.1 0.41015625 0.0 0.48828125 0.03125 0.15380859375 8
90 0.1 0.421875 0.0 0.48828125 0.03125 0.18229166666666666 9
100 0.1 0.44140625 0.0 0.48828125 0.03125 0.20625 10
110 0.1 0.51953125 0.0 0.51953125 0.03125 0.2276278409090909 11
120 0.1 0.44140625 0.0 0.51953125 0.03125 0.251953125 12
130 0.1 0.37109375 0.0 0.51953125 0.03125 0.2665264423076923 13
140 0.1 0.30859375 0.0 0.51953125 0.03125 0.2739955357142857 14
142 0.1 0.26171875 0.0 0.51953125 0.03125 0.27630208333333334 15
