0 4.4 117.26922727272728 138.93777402015488 442.612 8.084 0 0
10 17.3 118.49343352601157 170.60468923588962 646.465 4.253 117.26922727272728 44
20 23.6 884.344559322034 1452.997289996933 7586.629 4.253 118.2452073732719 217
30 28.5 6599.268571929822 2216.8322584440903 12334.919 4.253 517.3609845474614 453
40 866.7 386.4789916926269 2084.8570418149034 17470.219 1.194 2866.0651341463404 738
50 1249.9 437.40531986559023 2888.1717916814787 24192.414 1.194 581.0493875598082 9405
60 672.1 1488.8614201755674 5930.474180890707 31657.57 1.194 499.0822946950332 21904
70 258.4 2602.4067945046527 8835.868373571686 39180.656 1.194 731.477246742358 28625
80 133.2 11629.190243993991 15272.560817586984 42305.613 1.194 886.3839067256247 31209
90 77.1 20816.738988326815 7977.442080910568 43668.003 1.194 1326.1189499400762 32541
100 149.7 8907.509540414163 4222.600869355185 43668.003 1.194 1777.2256997478382 33312
110 171.7 2283.5594641817124 1283.5306552297034 43668.003 1.194 2083.8715358671607 34809
120 63.4 422.2324164037857 750.2562654418075 43668.003 1.194 2093.2583883261236 36526
130 6.6 28.65850000000001 33.40541941845256 43668.003 1.194 2064.748418837459 37160
140 0.9 18.026888888888887 27.301805631962004 43668.003 1.194 2061.138524284102 37226
142 0 0 0 43668.003 1.194 2060.6446877131725 37235
