10 0.8 10730.384125 1703.2320327010232 13238.251 8227.497 0 0
20 1.3 13292.316769230772 3482.105488564379 20061.279 8227.497 10730.384125 8
30 0.1 16632.005 0.0 20061.279 8227.497 12316.342428571432 21
40 6.8 11752.110441176468 10280.835647325464 41716.446 395.393 12512.508909090911 22
50 198.4 8665.325291834683 6701.1841108364515 45844.155 94.718 11937.985622222219 90
60 111.7 18788.886675022397 6620.471838453926 55645.395 94.718 8807.340445998077 2074
70 43.3 31709.94329792145 8333.958449866375 63139.565 94.718 12301.350830774061 3191
80 18.8 42150.54748936171 6536.695222181692 66898.527 94.718 14620.313451710821 3624
90 12.8 51982.93490624999 8202.832855712952 77944.752 94.718 15978.047974029387 3812
100 29.5 61285.28725084741 7035.177713613851 85095.652 94.718 17147.749884517772 3940
110 52.8 72605.94611742425 7947.960472802155 97115.541 94.718 20222.26547438017 4235
120 20.8 82819.09607692309 6978.65004763954 103974.733 94.718 26029.232381692214 4763
130 2.6 88356.8896923077 6654.691943392121 108083.176 94.718 28405.472906457457 4971
140 0.4 102305.52849999999 5752.758450319314 110704.86 94.718 28717.40743446068 4997
142 0 0 0 110704.86 94.718 28776.266159568087 5001
