0 0.4 5.186750000000001 6.0647675707730135 15.688 1.481 0 0
10 3.4 1.9765588235294118 0.6374381719118967 15.688 1.365 5.186750000000001 4
20 16 1.8087499999999994 0.8515168964853254 15.688 1.222 2.3144736842105265 38
30 57.9 1.8537720207253872 1.2166350150188168 16.672 0.983 1.9058080808080804 198
40 538.4 1.752618870728076 1.1721789279220134 19.001 0.788 1.867032175032174 777
50 1942.5 8.279703629343553 13.04948119913502 1034.936 0.788 1.767048206459984 6161
60 1111.9 1.8935549959528695 9.724400168231561 1034.936 0.788 6.711483897443855 25586
70 858.2 1.851680610580284 1.6696798791403256 1034.936 0.788 5.25199468737225 36705
80 507.2 1.7471307176656172 1.0782356327440155 1034.936 0.788 4.607626647823844 45287
90 263.5 1.8431411764705923 1.072341755947833 1034.936 0.788 4.319526499731894 50359
100 163.2 1.7631942401960778 0.9237908397356898 1034.936 0.788 4.196394157829158 52994
110 110.6 1.9882875226039765 1.4149084573382158 1034.936 0.788 4.12370016109542 54626
120 69.4 1.8038443804034554 0.9709229047775798 1034.936 0.788 4.0813229562907924 55732
130 24.4 1.813536885245902 1.0463658942764966 1034.936 0.788 4.053311576223699 56426
140 1 1.6652 0.23910784177855818 1034.936 0.788 4.043667937180138 56670
150 0 0 0 1034.936 0.788 4.043248306280847 56680
160 0 0 0 1034.936 0.788 4.043248306280847 56680
170 0 0 0 1034.936 0.788 4.043248306280847 56680
180 0 0 0 1034.936 0.788 4.043248306280847 56680
190 0 0 0 1034.936 0.788 4.043248306280847 56680
200 0 0 0 1034.936 0.788 4.043248306280847 56680
210 0 0 0 1034.936 0.788 4.043248306280847 56680
220 0 0 0 1034.936 0.788 4.043248306280847 56680
230 0 0 0 1034.936 0.788 4.043248306280847 56680
240 0 0 0 1034.936 0.788 4.043248306280847 56680
250 0 0 0 1034.936 0.788 4.043248306280847 56680
260 0 0 0 1034.936 0.788 4.043248306280847 56680
270 0 0 0 1034.936 0.788 4.043248306280847 56680
279 0 0 0 1034.936 0.788 4.043248306280847 56680
