0 0.1 664.87890625 0 664.87890625 664.87890625 0 0
10 0.1 667.17578125 0.0 667.17578125 664.87890625 664.87890625 1
20 0.1 656.328125 0.0 667.17578125 656.328125 666.02734375 2
30 0.1 640.2265625 0.0 667.17578125 640.2265625 662.7942708333334 3
40 0.1 605.2421875 0.0 667.17578125 605.2421875 657.15234375 4
50 0.1 467.1171875 0.0 667.17578125 467.1171875 646.7703125 5
60 0.1 385.390625 0.0 667.17578125 385.390625 616.828125 6
70 0.1 373.5390625 0.0 667.17578125 373.5390625 583.765625 7
80 0.1 372.4453125 0.0 667.17578125 372.4453125 557.4873046875 8
90 0.1 376.875 0.0 667.17578125 372.4453125 536.9270833333334 9
100 0.1 421.50390625 0.0 667.17578125 372.4453125 520.921875 10
110 0.1 432.23828125 0.0 667.17578125 372.4453125 511.88387784090907 11
120 0.1 434.25 0.0 667.17578125 372.4453125 505.2467447916667 12
130 0.1 438.58984375 0.0 667.17578125 372.4453125 499.7854567307692 13
140 0.1 432.8515625 0.0 667.17578125 372.4453125 495.41434151785717 14
150 0.1 424.2421875 0.0 667.17578125 372.4453125 491.2434895833333 15
160 0.1 417.39453125 0.0 667.17578125 372.4453125 487.055908203125 16
170 0.1 413.80078125 0.0 667.17578125 372.4453125 482.95818014705884 17
180 0.1 435.5390625 0.0 667.17578125 372.4453125 479.11610243055554 18
190 0.1 453.6484375 0.0 667.17578125 372.4453125 476.8225740131579 19
200 0.1 454.1640625 0.0 667.17578125 372.4453125 475.6638671875 20
210 0.1 469.875 0.0 667.17578125 372.4453125 474.6400669642857 21
220 0.1 473.25 0.0 667.17578125 372.4453125 474.4234730113636 22
230 0.1 470.35546875 0.0 667.17578125 372.4453125 474.3724524456522 23
240 0.1 467.43359375 0.0 667.17578125 372.4453125 474.205078125 24
250 0.1 479.29296875 0.0 667.17578125 372.4453125 473.93421875 25
260 0.1 492.17578125 0.0 667.17578125 372.4453125 474.1403245192308 26
270 0.1 531.359375 0.0 667.17578125 372.4453125 474.80830439814815 27
279 0.1 572.4921875 0.0 667.17578125 372.4453125 476.82798549107144 28
