0 0.1 0.0 0 0.0 0.0 0 0
10 0.1 0.0 0.0 0.0 0.0 0.0 1
20 0.1 0.0 0.0 0.0 0.0 0.0 2
30 0.1 0.078125 0.0 0.078125 0.0 0.0 3
40 0.1 0.0703125 0.0 0.078125 0.0 0.01953125 4
50 0.1 0.28125 0.0 0.28125 0.0 0.0296875 5
60 0.1 0.48046875 0.0 0.48046875 0.0 0.07161458333333333 6
70 0.1 0.640625 0.0 0.640625 0.0 0.13002232142857142 7
80 0.1 1.0 0.0 1.0 0.0 0.19384765625 8
90 0.1 1.0703125 0.0 1.0703125 0.0 0.2834201388888889 9
100 0.1 0.91015625 0.0 1.0703125 0.0 0.362109375 10
110 0.1 0.76953125 0.0 1.0703125 0.0 0.4119318181818182 11
120 0.1 0.80859375 0.0 1.0703125 0.0 0.4417317708333333 12
130 0.1 0.69140625 0.0 1.0703125 0.0 0.4699519230769231 13
140 0.1 0.66015625 0.0 1.0703125 0.0 0.4857700892857143 14
150 0.1 0.62890625 0.0 1.0703125 0.0 0.4973958333333333 15
160 0.1 0.53125 0.0 1.0703125 0.0 0.505615234375 16
170 0.1 0.44921875 0.0 1.0703125 0.0 0.5071231617647058 17
180 0.1 0.4609375 0.0 1.0703125 0.0 0.50390625 18
190 0.1 0.390625 0.0 1.0703125 0.0 0.5016447368421053 19
200 0.1 0.48046875 0.0 1.0703125 0.0 0.49609375 20
210 0.1 0.41015625 0.0 1.0703125 0.0 0.4953497023809524 21
220 0.1 0.33984375 0.0 1.0703125 0.0 0.4914772727272727 22
230 0.1 0.2890625 0.0 1.0703125 0.0 0.48488451086956524 23
240 0.1 0.25 0.0 1.0703125 0.0 0.4767252604166667 24
250 0.1 0.2109375 0.0 1.0703125 0.0 0.46765625 25
260 0.1 0.25 0.0 1.0703125 0.0 0.4577824519230769 26
270 0.1 0.2109375 0.0 1.0703125 0.0 0.4500868055555556 27
279 0.1 0.1796875 0.0 1.0703125 0.0 0.44154575892857145 28
