40 0.1 44468.658 0 44468.658 44468.658 0 0
50 144.3 8032.284771309771 6874.0026835233675 54052.01 121.181 44468.658 1
60 15.6 24713.0915576923 9015.05850463683 54052.01 121.181 8057.517716759002 1444
70 59 30694.915837288125 7968.926888046595 69541.526 121.181 9681.436166249998 1600
80 60.2 39660.291053156165 8101.998038859967 75003.018 121.181 15342.601922374426 2190
90 29.2 49559.746592465744 7479.038871376006 78350.434 121.181 20585.88589684814 2792
100 11.7 59616.14788034187 6914.305454911912 96950.486 121.181 23329.195664396888 3084
110 10.7 70552.86427102804 8884.710174579755 102525.28 121.181 24655.52287753827 3201
120 6.6 80321.19901515153 6717.25739585094 102525.28 121.181 26140.110401451027 3308
130 10 89977.45251999999 6638.73719116512 113499.73 121.181 27199.96572110255 3374
140 8.3 101185.86379518069 6861.805051552489 117570.65 121.181 29007.03212291307 3474
150 5.6 113646.72669642854 7962.934988837611 135730.313 121.181 30691.27250210852 3557
160 10.8 120214.90275925923 8523.178461897256 150137.358 121.181 31977.047601716025 3613
170 6.4 130524.27509375 7526.962189488618 158911.542 121.181 34538.10332786885 3721
180 9.4 139077.4375319149 9817.446249680517 174039.411 121.181 36161.119178071334 3785
190 9.1 148879.6235604396 6169.6902195639395 174039.411 121.181 38655.09544135086 3879
200 7.6 160492.37174999996 6330.666361182728 182368.345 121.181 41181.652635012586 3970
210 6.8 168403.5427794118 6933.521766193246 190895.646 121.181 43422.78329560058 4046
220 9.8 179678.82543877547 6978.116498446726 199502.299 121.181 45488.58097301895 4114
230 5.2 189578.85448076922 5946.8133114797265 211638.2 121.181 48610.76614814814 4212
240 5.5 197643.69430909102 5723.278186049116 216724.288 121.181 50329.88917659474 4264
250 1.8 208043.49788888884 8045.85761518977 224628.954 121.181 52205.846407964804 4319
260 4.6 221218.77686956522 8530.464219481739 247838.19 121.181 52852.624763200365 4337
270 5.3 229761.4413396227 7170.0558913876575 247838.19 121.181 54619.643471138486 4383
279 3.8 234779.54931578957 5693.078578286327 247838.19 121.181 56712.185240081155 4436
