10 0.7 10352.000285714284 4566.916739230394 18304.322 2815.903 0 0
20 0.9 9949.489333333333 2397.3021156709096 18304.322 2815.903 10352.000285714284 7
30 0.5 17620.1276 2745.7852421886605 21017.24 2815.903 10125.587875 16
40 109.6 4027.0865875912345 5709.248494535748 32429.448 42.763 11910.002095238095 21
50 115.2 8625.883342013882 7361.699468578329 49347.932 41.136 4175.2882220232705 1117
60 55 18798.21355090909 8416.184522921587 57333.901 41.136 6434.911658880557 2269
70 24 35008.56449583333 7981.37518750429 57333.901 41.136 8847.049310748487 2819
80 14.5 39106.50678620687 8311.927419558671 73546.476 41.136 10899.603624060144 3059
90 5.8 53719.441672413785 9227.170579874022 75110.748 41.136 12176.133261548057 3204
100 17.7 61765.040954802214 7155.366866344719 85431.44 41.136 12914.794171367252 3262
110 17.5 73155.24254285722 7241.323610819969 96475.627 41.136 15429.040661820287 3439
120 35.9 83848.38908913654 7064.380060601625 107579.075 41.136 18224.305003043715 3614
130 7.1 92328.2091830986 7175.847374782249 116031.934 41.136 24154.09261615908 3973
140 3.7 110586.68927027026 5378.983396690522 119978.338 41.136 25351.01701681504 4044
150 4.5 117690.90186666667 6310.60580361707 130053.929 41.136 26123.79816687087 4081
160 5.1 125110.61405882354 5677.424022352817 135912.194 41.136 27122.46992317015 4126
170 8.7 134223.11616091945 5559.941465619226 148370.868 41.136 28318.87771606417 4177
180 6 143984.9703166667 4734.346975151548 153935.477 41.136 30479.68183067543 4264
182 0.1 152903.55 0.0 153935.477 41.136 32054.685833718784 4324
