0 7.65234375 7.65234375
10 52.18984375 59.8421875
20 116.95703125 176.79921875
30 199.9015625 376.70078125
40 708.26484375 1084.965625
50 970.1 2055.065625
60 862.62578125 2917.69140625
70 648.62890625 3566.3203125
80 221.66875 3787.9890625
90 142.9203125 3930.909375
100 209.2375 4140.146875
110 196.1078125 4336.2546875
120 307.575 4643.8296875
130 113.7578125 4757.5875
140 45.33359375 4802.92109375
150 35.13828125 4838.059375
160 30.290625 4868.35
170 18.76484375 4887.11484375
180 34.934375 4922.04921875
182 0.56640625 4922.615625
