0 0.8 8
10 5.5 63
20 13 193
30 21.5 408
40 32.1 729
50 65.1 1380
60 12.2 1502
70 15.1 1653
80 14.4 1797
90 9.4 1891
100 10.5 1996
110 16.9 2165
120 22.3 2388
130 15.3 2541
140 16.9 2710
150 15.6 2866
160 28.1 3147
170 16 3307
180 21.3 3520
190 26.3 3783
200 12.2 3905
210 8.3 3988
220 4.9 4037
230 10.5 4142
240 4 4182
250 5.5 4237
260 6.1 4298
270 3.5 4333
280 9.3 4426
290 3.4 4460
300 3.1 4491
310 0.8 4499
320 1.5 4514
330 2.3 4537
340 2.9 4566
350 1.4 4580
360 0.4 4584
370 5 4634
380 6.7 4701
390 9.6 4797
400 6.5 4862
410 4.4 4906
420 2.3 4929
421 0 4929
