0 0.4 2.3527500000000003 2.3266801859086694 6.378 0.917 0 0
10 2.7 1.1080740740740738 0.4803543388055611 6.378 0.737 2.3527500000000003 4
20 11.9 1.1446974789915971 0.7602213029700252 7.01 0.638 1.2686774193548385 31
30 45.2 1.3974292035398244 1.5692301482772353 20.953 0.545 1.1703200000000005 150
40 443.4 1.3025949481280965 1.5202128186874644 24.225 0.277 1.3408405315614629 602
50 1692.5 2.3193338847858436 2.9722515418680344 54.44 0.251 1.3071667990468587 5036
60 636.3 1.2731868615432982 1.4946036144399537 54.44 0.251 2.0872281772232766 21961
70 182.6 1.18411938663746 1.0528664394435436 54.44 0.251 1.9043534105352489 28324
80 68.1 1.5481938325991191 1.6742799940289048 54.44 0.251 1.8607332669983547 30150
90 47.4 1.1509240506329117 0.9156160330455612 54.44 0.251 1.8538298465829974 30831
100 28.7 1.1216759581881526 0.7946204161725884 54.44 0.251 1.8431869030506434 31305
110 22.3 1.0465291479820626 0.5534265765282638 54.44 0.251 1.8366322803241453 31592
120 15.1 1.0483907284768201 0.5476710108020867 54.44 0.251 1.8310942322803831 31815
130 0.7 0.9831428571428571 0.15268962783692802 54.44 0.251 1.8273969217293498 31966
140 0 0 0 54.44 0.251 1.8272120851968972 31973
150 0 0 0 54.44 0.251 1.8272120851968972 31973
160 0 0 0 54.44 0.251 1.8272120851968972 31973
170 0 0 0 54.44 0.251 1.8272120851968972 31973
180 0 0 0 54.44 0.251 1.8272120851968972 31973
190 0 0 0 54.44 0.251 1.8272120851968972 31973
200 0 0 0 54.44 0.251 1.8272120851968972 31973
210 0 0 0 54.44 0.251 1.8272120851968972 31973
220 0 0 0 54.44 0.251 1.8272120851968972 31973
230 0 0 0 54.44 0.251 1.8272120851968972 31973
240 0 0 0 54.44 0.251 1.8272120851968972 31973
250 0 0 0 54.44 0.251 1.8272120851968972 31973
260 0 0 0 54.44 0.251 1.8272120851968972 31973
270 0 0 0 54.44 0.251 1.8272120851968972 31973
280 0 0 0 54.44 0.251 1.8272120851968972 31973
290 0 0 0 54.44 0.251 1.8272120851968972 31973
300 0 0 0 54.44 0.251 1.8272120851968972 31973
310 0 0 0 54.44 0.251 1.8272120851968972 31973
320 0 0 0 54.44 0.251 1.8272120851968972 31973
330 0 0 0 54.44 0.251 1.8272120851968972 31973
340 0 0 0 54.44 0.251 1.8272120851968972 31973
350 0 0 0 54.44 0.251 1.8272120851968972 31973
360 0 0 0 54.44 0.251 1.8272120851968972 31973
370 0 0 0 54.44 0.251 1.8272120851968972 31973
380 0 0 0 54.44 0.251 1.8272120851968972 31973
390 0 0 0 54.44 0.251 1.8272120851968972 31973
400 0 0 0 54.44 0.251 1.8272120851968972 31973
410 0 0 0 54.44 0.251 1.8272120851968972 31973
420 0 0 0 54.44 0.251 1.8272120851968972 31973
421 0 0 0 54.44 0.251 1.8272120851968972 31973
