0 0.1 1.552749695186517 0 1.552749695186517 1.552749695186517 0 0
10 0.1 1.5484515484515484 0.0 1.552749695186517 1.5484515484515484 1.552749695186517 1
20 0.1 0.3010536879076769 0.0 1.552749695186517 0.3010536879076769 1.5506006218190327 2
30 0.1 0.9523809523809524 0.0 1.552749695186517 0.3010536879076769 1.1340849771819141 3
40 0.1 3.406813627254509 0.0 3.406813627254509 0.3010536879076769 1.0886589709816736 4
50 0.1 27.752176139272915 0.0 27.752176139272915 0.3010536879076769 1.5522899022362406 5
60 0.1 52.8672032193159 0.0 52.8672032193159 0.3010536879076769 5.91893760840902 6
70 0.1 21.66100048567266 0.0 52.8672032193159 0.3010536879076769 12.62583269568143 7
80 0.1 6.9156991418475515 0.0 52.8672032193159 0.3010536879076769 13.755228669430334 8
90 0.1 4.326205867727499 0.0 52.8672032193159 0.3010536879076769 12.995280944143358 9
100 0.1 2.3976023976023977 0.0 52.8672032193159 0.3010536879076769 12.128373436501771 10
110 0.1 1.7999999999999998 0.0 52.8672032193159 0.3010536879076769 11.24375788751092 11
120 0.1 1.9930244145490783 0.0 52.8672032193159 0.3010536879076769 10.456778063551676 12
130 0.1 1.053687907676869 0.0 52.8672032193159 0.3010536879076769 9.805720090551477 13
140 0.1 0.6513026052104208 0.0 52.8672032193159 0.3010536879076769 9.180574934631862 14
150 0.1 0.7507507507507507 0.0 52.8672032193159 0.3010536879076769 8.611956779337099 15
160 0.1 0.750375187593797 0.0 52.8672032193159 0.3010536879076769 8.120631402550451 16
170 0.1 1.0505252626313157 0.0 52.8672032193159 0.3010536879076769 7.687086919317706 17
180 0.1 0.7007007007007007 0.0 52.8672032193159 0.3010536879076769 7.318389049501795 18
190 0.1 0.7533902561526872 0.0 52.8672032193159 0.3010536879076769 6.970089662722791 19
200 0.1 1.2018027040560841 0.0 52.8672032193159 0.3010536879076769 6.659254692394287 20
210 0.1 0.6015037593984963 0.0 52.8672032193159 0.3010536879076769 6.399376026282944 21
220 0.1 1.99700449326011 0.0 52.8672032193159 0.3010536879076769 6.135836377788196 22
230 0.1 0.35052578868302453 0.0 52.8672032193159 0.3010536879076769 5.955887165417409 23
240 0.1 0.6513026052104208 0.0 52.8672032193159 0.3010536879076769 5.72233044138681 24
250 0.1 0.4495504495504496 0.0 52.8672032193159 0.3010536879076769 5.5194893279397546 25
260 0.1 0.5007511266900351 0.0 52.8672032193159 0.3010536879076769 5.3244916787709355 26
270 0.1 2.1 0.0 52.8672032193159 0.3010536879076769 5.145834621286458 27
280 0.1 0.30045067601402103 0.0 52.8672032193159 0.30045067601402103 5.03705481338337 28
290 0.1 0.5505505505505506 0.0 52.8672032193159 0.30045067601402103 4.873723636232702 29
300 0.1 0.44999999999999996 0.0 52.8672032193159 0.30045067601402103 4.7296178667099635 30
310 0.1 0.35052578868302453 0.0 52.8672032193159 0.30045067601402103 4.591565677461255 31
320 0.1 0.1002004008016032 0.0 52.8672032193159 0.1002004008016032 4.4590331809369355 32
330 0.1 0.15037593984962408 0.0 52.8672032193159 0.1002004008016032 4.326947339114653 33
340 0.1 0.35000000000000003 0.0 52.8672032193159 0.1002004008016032 4.204107003842153 34
350 0.1 0.2004008016032064 0.0 52.8672032193159 0.1002004008016032 4.093989660875234 35
360 0.1 0.15037593984962408 0.0 52.8672032193159 0.1002004008016032 3.9858344147843443 36
370 0.1 0.15030060120240482 0.0 52.8672032193159 0.1002004008016032 3.8821733749212437 37
380 0.1 0.35035035035035034 0.0 52.8672032193159 0.1002004008016032 3.783966196665485 38
390 0.1 0.5 0.0 52.8672032193159 0.1002004008016032 3.6959247647086864 39
400 0.1 0.3003003003003003 0.0 52.8672032193159 0.1002004008016032 3.6160266455909693 40
410 0.1 1.3506753376688343 0.0 52.8672032193159 0.1002004008016032 3.5351552713155874 41
420 0.1 2.2011005502751377 0.0 52.8672032193159 0.1002004008016032 3.483143844323998 42
