0 0.1 678.8515625 0 678.8515625 678.8515625 0 0
10 0.1 678.1875 0.0 678.8515625 678.1875 678.8515625 1
20 0.1 670.4140625 0.0 678.8515625 670.4140625 678.51953125 2
30 0.1 654.94140625 0.0 678.8515625 654.94140625 675.8177083333334 3
40 0.1 625.75 0.0 678.8515625 625.75 670.5986328125 4
50 0.1 523.2109375 0.0 678.8515625 523.2109375 661.62890625 5
60 0.1 490.6171875 0.0 678.8515625 490.6171875 638.5592447916666 6
70 0.1 486.87890625 0.0 678.8515625 486.87890625 617.4246651785714 7
80 0.1 492.89453125 0.0 678.8515625 486.87890625 601.1064453125 8
90 0.1 492.76171875 0.0 678.8515625 486.87890625 589.0828993055555 9
100 0.1 499.58984375 0.0 678.8515625 486.87890625 579.45078125 10
110 0.1 500.08984375 0.0 678.8515625 486.87890625 572.1906960227273 11
120 0.1 501.04296875 0.0 678.8515625 486.87890625 566.1822916666666 12
130 0.1 500.90234375 0.0 678.8515625 486.87890625 561.1715745192307 13
140 0.1 502.00390625 0.0 678.8515625 486.87890625 556.8666294642857 14
150 0.1 501.80078125 0.0 678.8515625 486.87890625 553.2091145833333 15
160 0.1 501.609375 0.0 678.8515625 486.87890625 549.99609375 16
170 0.1 500.94140625 0.0 678.8515625 486.87890625 547.1498161764706 17
180 0.1 499.4921875 0.0 678.8515625 486.87890625 544.5826822916666 18
190 0.1 484.2578125 0.0 678.8515625 484.2578125 542.2094983552631 19
200 0.1 469.8515625 0.0 678.8515625 469.8515625 539.3119140625 20
210 0.1 460.03125 0.0 678.8515625 460.03125 536.0042782738095 21
220 0.1 449.88671875 0.0 678.8515625 449.88671875 532.5509588068181 22
230 0.1 440.7421875 0.0 678.8515625 440.7421875 528.9568614130434 23
240 0.1 430.04296875 0.0 678.8515625 430.04296875 525.2812499999999 24
250 0.1 423.7265625 0.0 678.8515625 423.7265625 521.4717187499998 25
260 0.1 420.50390625 0.0 678.8515625 420.50390625 517.7122896634613 26
270 0.1 419.90234375 0.0 678.8515625 419.90234375 514.1119791666665 27
280 0.1 416.5 0.0 678.8515625 416.5 510.747349330357 28
290 0.1 415.671875 0.0 678.8515625 415.671875 507.4974407327585 29
300 0.1 416.04296875 0.0 678.8515625 415.671875 504.43658854166654 30
310 0.1 415.15234375 0.0 678.8515625 415.15234375 501.5851814516128 31
320 0.1 412.90234375 0.0 678.8515625 412.90234375 498.8841552734374 32
330 0.1 412.296875 0.0 678.8515625 412.296875 496.2786458333332 33
340 0.1 412.04296875 0.0 678.8515625 412.04296875 493.8085937499999 34
350 0.1 412.4375 0.0 678.8515625 412.04296875 491.4724330357142 35
360 0.1 413.29296875 0.0 678.8515625 412.04296875 489.2770182291666 36
370 0.1 414.39453125 0.0 678.8515625 412.04296875 487.22339527027015 37
380 0.1 432.06640625 0.0 678.8515625 412.04296875 485.30684621710515 38
390 0.1 482.57421875 0.0 678.8515625 412.04296875 483.9417067307691 39
400 0.1 534.5390625 0.0 678.8515625 412.04296875 483.90751953124993 40
410 0.1 633.25 0.0 678.8515625 412.04296875 485.14243521341456 41
420 0.1 647.96875 0.0 678.8515625 412.04296875 488.66880580357133 42
