0 0.1 0.0 0 0.0 0.0 0 0
10 0.1 0.0 0.0 0.0 0.0 0.0 1
20 0.1 0.0 0.0 0.0 0.0 0.0 2
30 0.1 0.0 0.0 0.0 0.0 0.0 3
40 0.1 0.0 0.0 0.0 0.0 0.0 4
50 0.1 0.078125 0.0 0.078125 0.0 0.0 5
60 0.1 0.37890625 0.0 0.37890625 0.0 0.013020833333333334 6
70 0.1 0.5390625 0.0 0.5390625 0.0 0.06529017857142858 7
80 0.1 0.44921875 0.0 0.5390625 0.0 0.12451171875 8
90 0.1 0.46875 0.0 0.5390625 0.0 0.1605902777777778 9
100 0.1 0.390625 0.0 0.5390625 0.0 0.19140625 10
110 0.1 0.328125 0.0 0.5390625 0.0 0.20951704545454544 11
120 0.1 0.28125 0.0 0.5390625 0.0 0.21940104166666666 12
130 0.1 0.23828125 0.0 0.5390625 0.0 0.22415865384615385 13
140 0.1 0.19921875 0.0 0.5390625 0.0 0.22516741071428573 14
150 0.1 0.171875 0.0 0.5390625 0.0 0.2234375 15
160 0.1 0.140625 0.0 0.5390625 0.0 0.22021484375 16
170 0.1 0.12109375 0.0 0.5390625 0.0 0.21553308823529413 17
180 0.1 0.1015625 0.0 0.5390625 0.0 0.21028645833333334 18
190 0.1 0.078125 0.0 0.5390625 0.0 0.20456414473684212 19
200 0.1 0.0703125 0.0 0.5390625 0.0 0.19824218750000003 20
210 0.1 0.05859375 0.0 0.5390625 0.0 0.19215029761904762 21
220 0.1 0.05078125 0.0 0.5390625 0.0 0.18607954545454544 22
230 0.1 0.0390625 0.0 0.5390625 0.0 0.18019701086956522 23
240 0.1 0.0390625 0.0 0.5390625 0.0 0.17431640625 24
250 0.1 0.03125 0.0 0.5390625 0.0 0.16890625 25
260 0.1 0.01953125 0.0 0.5390625 0.0 0.16361177884615385 26
270 0.1 0.08984375 0.0 0.5390625 0.0 0.15827546296296297 27
280 0.1 0.078125 0.0 0.5390625 0.0 0.15583147321428573 28
290 0.1 0.0703125 0.0 0.5390625 0.0 0.1531519396551724 29
300 0.1 0.05859375 0.0 0.5390625 0.0 0.150390625 30
310 0.1 0.05078125 0.0 0.5390625 0.0 0.14742943548387097 31
320 0.1 0.0390625 0.0 0.5390625 0.0 0.1444091796875 32
330 0.1 0.03125 0.0 0.5390625 0.0 0.14121685606060605 33
340 0.1 0.03125 0.0 0.5390625 0.0 0.13798253676470587 34
350 0.1 0.01953125 0.0 0.5390625 0.0 0.13493303571428572 35
360 0.1 0.01953125 0.0 0.5390625 0.0 0.13172743055555555 36
370 0.1 0.01953125 0.0 0.5390625 0.0 0.12869510135135134 37
380 0.1 0.01171875 0.0 0.5390625 0.0 0.12582236842105263 38
390 0.1 0.01171875 0.0 0.5390625 0.0 0.12289663461538461 39
400 0.1 0.01171875 0.0 0.5390625 0.0 0.1201171875 40
410 0.1 0.01171875 0.0 0.5390625 0.0 0.11747332317073171 41
420 0.1 0.0 0.0 0.5390625 0.0 0.11495535714285714 42
