0 1.2 133.22691666666665 176.72270159841676 414.187 3.852 0 0
10 8.8 278.10067045454554 398.99250001719446 1328.011 3.436 133.22691666666665 12
20 21.7 520.6453456221197 1159.3635488754323 6570.521 3.436 260.7158200000001 100
30 27.8 5213.363028776977 2519.872840363024 16762.225 3.436 438.6486498422713 317
40 345.3 1133.151874891395 3176.127833152516 24328.254 0.469 2669.523603361344 595
50 765.3 1362.4961532732336 4034.281019075158 30858.1 0.462 1358.9772648221312 4048
60 490.2 627.0190654834746 3342.6950886368777 36145.882 0.461 1361.2787820699123 11701
70 154 3100.269972727269 8159.069615233896 36145.882 0.461 1144.4901817743803 16603
80 60.1 10828.951381031598 15111.529373089297 36915.157 0.461 1310.4991592349681 18143
90 41.6 11036.066139423077 18008.65664094729 44491.7 0.461 1615.6949437686735 18744
100 26.6 20920.82672932329 24041.42366599438 52901.749 0.461 1820.2290991649277 19160
110 26 45783.474730769216 22465.855580046384 69804.286 0.461 2081.7733681663753 19426
120 24.9 53223.139060240894 7320.650662183215 81706.243 0.461 2658.957273189069 19686
130 16.8 52989.24717261903 7461.440421771964 84395.531 0.461 3290.5339606721845 19935
140 16.2 55229.7127222222 13914.290813907233 94895.212 0.461 3705.864200915286 20103
150 15.1 57519.25203311257 20449.03084904588 101206.45 0.461 4117.7498885763625 20265
160 25.2 54651.49065476188 20164.48926398736 102416.694 0.461 4512.715935981582 20416
170 16.4 51664.53437804877 17086.56924758884 102416.694 0.461 5124.046070930906 20668
180 24.8 48741.49724193549 19117.408229691373 102416.694 0.461 5490.436243855605 20832
190 29.1 40311.18618213055 18916.74624026866 102416.694 0.461 5999.272255597722 21080
200 16 37238.27050625 17561.27820309378 102416.694 0.461 6466.483287024471 21371
210 11.5 36180.891547826104 14829.624078213461 102416.694 0.461 6695.152924062977 21531
220 7.8 40665.15291025641 13669.852929385297 102416.694 0.461 6851.803572761709 21646
230 13 51384.82102307694 17500.982819211207 102416.694 0.461 6973.21036931504 21724
240 6.2 51001.781338709676 16159.31629643668 102416.694 0.461 7237.39584497117 21854
250 10.1 61167.000217821806 20598.608272488444 103232.422 0.461 7361.204564655956 21916
260 12.4 63023.65324999996 19168.19860621874 103232.422 0.461 7608.031351274013 22017
270 6.6 66365.01936363637 20351.199247631197 103232.422 0.461 7918.384863556295 22141
280 14.2 62640.92516197184 22594.477549962427 103232.422 0.461 8092.090356284051 22207
290 7.9 71483.4492278481 27685.979467261626 103232.422 0.461 8438.680116112575 22349
300 9.5 79349.98657894738 28273.878281662026 104553.214 0.461 8660.747922418403 22428
310 3.2 66025.80178124999 21933.435010912286 109704.071 0.461 8958.908810060822 22523
320 5.9 71789.7811355932 24378.7162785817 113322.664 0.461 9039.872701662598 22555
330 7.5 72909.6508933334 25653.335127405502 114352.798 0.461 9203.587418103825 22614
340 8.4 68572.5069404762 22788.581326971078 114579.872 0.461 9414.172052095726 22689
350 6.7 70814.96776119401 23282.75255657441 114805.451 0.461 9632.382218987395 22773
360 6.1 63615.64163934427 14233.338887100284 119563.404 0.461 9811.858279903676 22840
370 11.3 78070.66325663713 29377.52380833609 119563.404 0.461 9955.172143268852 22901
380 8.3 47981.250289156626 13164.867424457962 119563.404 0.461 10289.622933909794 23014
390 11.8 35785.04893220338 12362.983105932668 119563.404 0.461 10425.069315279039 23097
400 9.3 25908.589086021486 22322.42476866038 119563.404 0.461 10553.972076200731 23215
410 10.6 24411.97521698113 20959.668750713758 119563.404 0.461 10615.237709541787 23308
420 2.3 5.458130434782609 2.2359656858288672 119563.404 0.461 10677.698381609292 23414
421 0 0 0 119563.404 0.461 10667.225133080172 23437
