0 1.2 133.22691666666665 176.72270159841676 414.187 3.852 0 0
10 9.2 266.00583695652176 391.62170049782793 1328.011 3.436 133.22691666666665 12
20 21.8 518.2567339449539 1151.099318420448 6570.521 3.436 250.68519230769232 104
30 28.7 5255.66217421603 2516.775123151584 16075.078 3.436 431.83611180124205 322
40 349.9 1126.1022709345523 3161.882590459582 20296.934 0.469 2705.133451559935 609
50 807.6 1282.8809782070357 3898.773943017644 23568.649 0.462 1360.1894152872442 4108
60 585.6 541.1166815232239 3102.1696483512806 27384.946 0.448 1308.946560899542 12184
70 178.7 2784.7808875209826 7798.060554697419 31044.469 0.448 1059.6997885254998 18040
80 65.7 10150.238934550984 14866.2260188848 36915.157 0.21 1215.1806945579267 19827
90 48 10568.876647916659 17759.504458559182 44491.7 0.21 1501.7620880199183 20484
100 30.9 20404.02708090614 24007.26395048021 52901.749 0.21 1709.366313775997 20964
110 30.2 45034.640231788086 22747.47902242745 60011.022 0.21 1980.9147637850795 21273
120 29.4 51954.38359523803 5003.071788446502 60011.022 0.21 2583.5671434530705 21575
130 19.3 51210.1336373057 4315.722852703448 60011.022 0.21 3247.292967076683 21869
140 19.8 49334.27069191917 5851.608847712681 60011.022 0.21 3666.8754278397237 22062
150 18.3 45861.83365027323 5498.993647749954 60011.022 0.21 4073.0813695417783 22260
160 30.2 44450.12236092711 4064.6985330469224 60011.022 0.21 4413.826442275988 22443
170 19.5 42779.71924102568 5408.969662980603 60011.022 0.21 4945.414104066826 22745
180 29.8 37835.23777516778 5786.225534072277 60011.022 0.21 5267.0221904533555 22940
190 35.6 30550.60077247191 6317.20831300013 60011.022 0.21 5684.671224115671 23238
200 19 29829.14587368422 9181.86749147107 60011.022 0.21 6059.862837204372 23594
210 14.1 32369.373872340453 5823.76573869944 60011.022 0.21 6249.745269803227 23784
220 10.6 36599.56634905659 4596.856790080163 60011.022 0.21 6403.679131159872 23925
230 16.2 41598.34174074071 3776.8114611171904 60011.022 0.21 6536.872258582661 24031
240 8.5 46622.49356470587 5022.285026141194 60011.022 0.21 6771.649179845406 24193
250 13.2 52555.013121212134 4105.563873867136 60011.022 0.21 6911.171454032455 24278
260 17.7 54144.34508474575 4113.042444572115 60011.022 0.21 7157.995997255221 24410
270 8.7 53016.17294252877 4583.295777949663 60011.022 0.21 7496.247259649404 24587
280 17 49568.929123529444 5314.265170574698 60011.022 0.21 7656.749550903782 24674
290 9.4 46089.1655 7559.391778872501 60011.022 0.21 7943.541956609239 24844
300 10.5 46649.32301904762 6511.35363064664 60011.022 0.21 8087.326085772714 24938
310 5.1 55404.19192156861 6484.04833767272 60011.022 0.21 8249.008379347519 25043
320 8.2 56775.79528048778 4177.601441445254 60011.022 0.21 8344.844609548096 25094
330 8.4 55812.059297619046 3991.743135174941 60011.022 0.21 8502.587616976482 25176
340 8.4 56429.443726190475 3265.8519731451934 60011.022 0.21 8659.911275771969 25260
350 6.7 57381.969253731346 3033.0088469411216 60011.022 0.21 8818.238324613318 25344
360 6.1 59681.14375409837 1022.7636285842586 60011.022 0.21 8946.284051749239 25411
370 11.3 53178.33443362831 4330.158866506375 60011.022 0.21 9067.783205402007 25472
380 8.3 45812.52859036145 6652.874118920418 60011.022 0.21 9262.60408829392 25585
390 11.8 35785.04893220338 12362.983105932668 60011.312 0.21 9380.791860370888 25668
400 9.3 25908.589086021486 22322.42476866038 60011.312 0.21 9501.621082990767 25786
410 10.6 24411.97521698113 20959.668750713758 60011.312 0.21 9560.581940221797 25879
420 2.3 5.458130434782609 2.2359656858288672 60011.312 0.21 9621.16487989224 25985
421 0 0 0 60011.312 0.21 9612.661294255608 26008
