0 18.3328125 18.3328125
10 297.02265625 315.35546875
20 408.68359375 724.0390625
30 573.5375 1297.5765625
40 589.8125 1887.3890625
50 822.47421875 2709.86328125
60 399.33359375 3109.196875
70 328.9546875 3438.1515625
80 324.25390625 3762.40546875
90 169.2890625 3931.69453125
100 173.1296875 4104.82421875
110 241.0328125 4345.85703125
120 217.5953125 4563.45234375
130 251.1484375 4814.60078125
140 195.75390625 5010.3546875
150 269.4265625 5279.78125
160 543.31875 5823.1
170 343.86875 6166.96875
180 752.684375 6919.653125
190 896.553125 7816.20625
200 1006.6890625 8822.8953125
210 911.5734375 9734.46875
220 964.6515625 10699.1203125
230 1007.303125 11706.4234375
240 822.809375 12529.2328125
250 700.9625 13230.1953125
260 277.51953125 13507.71484375
270 111.08125 13618.79609375
280 198.79609375 13817.5921875
290 152.04921875 13969.64140625
300 198.096875 14167.73828125
310 440.409375 14608.14765625
320 74.09609375 14682.24375
330 91.64609375 14773.88984375
340 79.5125 14853.40234375
350 68.2171875 14921.61953125
360 29.0375 14950.65703125
370 194.3109375 15144.96796875
380 67.9796875 15212.94765625
390 84.6671875 15297.61484375
400 388.1671875 15685.78203125
410 1614.12578125 17299.9078125
420 18.9765625 17318.884375
421 0 17318.884375
