0 0.1 678.88671875 0 678.88671875 678.88671875 0 0
10 0.1 666.7421875 0.0 678.88671875 666.7421875 678.88671875 1
20 0.1 644.58203125 0.0 678.88671875 644.58203125 672.814453125 2
30 0.1 626.0703125 0.0 678.88671875 626.0703125 663.4036458333334 3
40 0.1 577.36328125 0.0 678.88671875 577.36328125 654.0703125 4
50 0.1 484.10546875 0.0 678.88671875 484.10546875 638.72890625 5
60 0.1 454.74609375 0.0 678.88671875 454.74609375 612.9583333333334 6
70 0.1 452.859375 0.0 678.88671875 452.859375 590.3565848214286 7
80 0.1 432.53125 0.0 678.88671875 432.53125 573.16943359375 8
90 0.1 425.93359375 0.0 678.88671875 425.93359375 557.54296875 9
100 0.1 413.60546875 0.0 678.88671875 413.60546875 544.38203125 10
110 0.1 405.0859375 0.0 678.88671875 405.0859375 532.4932528409091 11
120 0.1 433.24609375 0.0 678.88671875 405.0859375 521.8759765625 12
130 0.1 431.09765625 0.0 678.88671875 405.0859375 515.0582932692307 13
140 0.1 421.9140625 0.0 678.88671875 405.0859375 509.0611049107142 14
150 0.1 416.109375 0.0 678.88671875 405.0859375 503.25130208333326 15
160 0.1 407.9296875 0.0 678.88671875 405.0859375 497.80493164062494 16
170 0.1 402.0546875 0.0 678.88671875 402.0546875 492.5181525735294 17
180 0.1 400.77734375 0.0 678.88671875 400.77734375 487.4924045138889 18
190 0.1 385.88671875 0.0 678.88671875 385.88671875 482.92845394736844 19
200 0.1 380.05078125 0.0 678.88671875 380.05078125 478.0763671875 20
210 0.1 399.53125 0.0 678.88671875 380.05078125 473.40848214285717 21
220 0.1 404.265625 0.0 678.88671875 380.05078125 470.0504261363636 22
230 0.1 413.01953125 0.0 678.88671875 380.05078125 467.1902173913044 23
240 0.1 415.0859375 0.0 678.88671875 380.05078125 464.93310546875 24
250 0.1 421.4609375 0.0 678.88671875 380.05078125 462.93921875 25
260 0.1 423.40234375 0.0 678.88671875 380.05078125 461.34390024038464 26
270 0.1 444.81640625 0.0 678.88671875 380.05078125 459.9386574074074 27
280 0.1 446.55859375 0.0 678.88671875 380.05078125 459.39857700892856 28
287 0.1 544.0390625 0.0 678.88671875 380.05078125 458.95581896551727 29
