0 0.1 0.0 0 0.0 0.0 0 0
10 0.1 0.078125 0.0 0.078125 0.0 0.0 1
20 0.1 0.140625 0.0 0.140625 0.0 0.0390625 2
30 0.1 0.12109375 0.0 0.140625 0.0 0.07291666666666667 3
40 0.1 0.1015625 0.0 0.140625 0.0 0.0849609375 4
50 0.1 0.46875 0.0 0.46875 0.0 0.08828125 5
60 0.1 0.3984375 0.0 0.46875 0.0 0.15169270833333334 6
70 0.1 0.33984375 0.0 0.46875 0.0 0.18694196428571427 7
80 0.1 0.2890625 0.0 0.46875 0.0 0.2060546875 8
90 0.1 0.23828125 0.0 0.46875 0.0 0.2152777777777778 9
100 0.1 0.19921875 0.0 0.46875 0.0 0.217578125 10
110 0.1 0.171875 0.0 0.46875 0.0 0.2159090909090909 11
120 0.1 0.140625 0.0 0.46875 0.0 0.21223958333333334 12
130 0.1 0.12109375 0.0 0.46875 0.0 0.20673076923076922 13
140 0.1 0.1015625 0.0 0.46875 0.0 0.20061383928571427 14
150 0.1 0.08984375 0.0 0.46875 0.0 0.19401041666666666 15
160 0.1 0.0703125 0.0 0.46875 0.0 0.1875 16
170 0.1 0.05859375 0.0 0.46875 0.0 0.18060661764705882 17
180 0.1 0.05078125 0.0 0.46875 0.0 0.173828125 18
190 0.1 0.0390625 0.0 0.46875 0.0 0.16735197368421054 19
200 0.1 0.0390625 0.0 0.46875 0.0 0.1609375 20
210 0.1 0.03125 0.0 0.46875 0.0 0.15513392857142858 21
220 0.1 0.01953125 0.0 0.46875 0.0 0.1495028409090909 22
230 0.1 0.01953125 0.0 0.46875 0.0 0.14385190217391305 23
240 0.1 0.01953125 0.0 0.46875 0.0 0.13867187500000003 24
250 0.1 0.01171875 0.0 0.46875 0.0 0.13390625000000003 25
260 0.1 0.01171875 0.0 0.46875 0.0 0.1292067307692308 26
270 0.1 0.01171875 0.0 0.46875 0.0 0.12485532407407411 27
280 0.1 0.01171875 0.0 0.46875 0.0 0.12081473214285718 28
287 0.1 0.01171875 0.0 0.46875 0.0 0.11705280172413796 29
