0 0.1 2.2020431328036323 0 2.2020431328036323 2.2020431328036323 0 0
10 0.1 0.5483549351944167 0.0 2.2020431328036323 0.5483549351944167 2.2020431328036323 1
20 0.1 2.8784119106699753 0.0 2.8784119106699753 0.5483549351944167 1.3751990339990245 2
30 0.1 5.617977528089887 0.0 5.617977528089887 0.5483549351944167 1.8762699928893414 3
40 0.1 9.15593705293276 0.0 9.15593705293276 0.5483549351944167 2.811696876689478 4
50 0.1 45.02788104089219 0.0 45.02788104089219 0.5483549351944167 4.0805449119381345 5
60 0.1 65.02347417840375 0.0 65.02347417840375 0.5483549351944167 10.905100933430477 6
70 0.1 41.92835028748341 0.0 65.02347417840375 0.5483549351944167 18.636297111283803 7
80 0.1 26.900584795321635 0.0 65.02347417840375 0.5483549351944167 21.547803758308753 8
90 0.1 19.498607242339833 0.0 65.02347417840375 0.5483549351944167 22.14255720686574 9
100 0.1 12.564705882352941 0.0 65.02347417840375 0.5483549351944167 21.878162210413148 10
110 0.1 8.11073336571151 0.0 65.02347417840375 0.5483549351944167 21.031484362407674 11
120 0.1 5.749385749385749 0.0 65.02347417840375 0.5483549351944167 19.954755112682992 12
130 0.1 3.4739454094292808 0.0 65.02347417840375 0.5483549351944167 18.862034392429358 13
140 0.1 4.251112209589718 0.0 65.02347417840375 0.5483549351944167 17.762885179357927 14
150 0.1 3.3906633906633905 0.0 65.02347417840375 0.5483549351944167 16.862100314706712 15
160 0.1 2.180376610505451 0.0 65.02347417840375 0.5483549351944167 16.020135506954006 16
170 0.1 0.6993006993006993 0.0 65.02347417840375 0.5483549351944167 15.206032042457032 17
180 0.1 1.2431626056688214 0.0 65.02347417840375 0.5483549351944167 14.40010252339279 18
190 0.1 0.29985007496251875 0.0 65.02347417840375 0.29985007496251875 13.707632001407319 19
192 0.1 0.7485029940119761 0.0 65.02347417840375 0.29985007496251875 13.03724290508508 20
