0 2.3 110.67508695652177 125.05869626522444 372.128 7.077 0 0
10 11.7 110.9580085470086 170.65650846859677 910.888 4.931 110.67508695652177 23
20 16.5 1377.1454666666673 1856.519911111989 7590.783 4.931 110.91152857142862 140
30 29.1 6300.56199312715 2269.614691470255 12699.949 4.931 795.9233311475413 305
40 782.8 291.8246501021956 1819.8364884777438 16693.323 1.49 3483.5908657718137 596
50 1483 242.96712703978358 2169.152029034869 27446.55 1.434 517.6428676400745 8424
60 920 1452.9466213043459 6165.405858621294 34033.836 1.434 342.4712312290349 23254
70 489.6 1970.3409370914992 7682.305112160102 42132.201 1.434 657.2667445307192 32454
80 284.9 6404.290513513525 10371.799494028483 47257.903 1.434 829.3902049531443 37350
90 180.7 7728.498819037079 6801.3208629264045 47257.903 1.434 1224.4968240005965 40199
100 132.5 6766.713610566043 2689.448226793359 47257.903 1.434 1504.2837974098932 42006
110 102.7 5688.49330477118 2442.166324741533 47257.903 1.434 1665.2013737970503 43331
120 60.8 8361.616447368431 3388.8189826147554 47257.903 1.434 1758.3507676631043 44358
130 45.3 10175.245735099332 5226.687793924032 47257.903 1.434 1847.6356836721077 44966
140 51.5 8697.383240776702 5546.1001094304365 47257.903 1.434 1930.693596732645 45419
150 35.3 6243.629189801698 7171.780318411548 47257.903 1.434 2006.5599520834242 45934
160 11.4 11362.105192982459 9938.48375591733 47257.903 1.434 2038.8732461166203 46287
170 17.6 6123.048511363636 7889.1994040199015 47257.903 1.434 2061.778968879981 46401
180 1.8 18227.232166666665 8829.593099310576 47257.903 1.434 2077.125243639565 46577
190 14.7 10545.928775510205 11406.916158665821 47257.903 1.434 2083.364151775942 46595
192 0.3 6.028333333333333 1.878738820473872 47257.903 1.434 2109.9782675538063 46742
