10 0.3 13455.778 2070.794173597334 16374.68 11790.679 0 0
20 0.3 18392.89 4134.701965319468 22127.235 11790.679 13455.778 3
30 0.1 21986.816 0.0 22127.235 11790.679 15924.334 6
40 7.1 6701.440704225352 8740.277614968592 37069.498 89.568 16790.402857142857 7
50 142.5 12085.42083508772 6237.808064707762 43411.224 89.568 7606.860384615386 78
60 97.6 19616.854822745892 6046.567421974909 52441.8 89.568 11853.000532268796 1503
70 64 29270.084139062517 7886.056775263409 62653.824 89.568 14909.685400161352 2479
80 35.5 41106.15256619723 7149.699223360596 69421.472 89.568 17856.352663033023 3119
90 26.6 51310.91693984961 7706.947567950658 78862.151 89.568 20232.195773459993 3474
100 24.3 61776.80988477367 7451.203779129302 90296.469 89.568 22442.60749278075 3740
110 20.7 70907.0891545894 6825.189072455352 91216.513 89.568 24842.35923299021 3983
120 13.3 82759.26406766917 7836.772138566137 117210.301 89.568 27118.110806682576 4190
130 11.4 93283.8244298246 7352.780015209125 117210.301 89.568 28829.948276891046 4323
140 17.8 104066.5697303371 7614.495582979059 125584.695 89.568 30485.96402659455 4437
150 11.6 114308.0012844828 8195.487647481195 137910.004 89.568 33323.95921950163 4615
160 2.1 128199.49042857143 10564.299746320705 147303.227 89.568 35309.61740583387 4731
170 5.2 136807.28061538463 8084.256006654609 152511.514 89.568 35720.11558207072 4752
180 0.6 148705.72916666666 7527.493056605592 157759.318 89.568 36814.31470399668 4804
190 7.6 153943.11914473688 5584.842770033044 163989.613 89.568 36953.8881939709 4810
192 0.2 162091.2555 528.4755000000005 163989.613 89.568 38773.614258698326 4886
