0 71.76328125 71.76328125
10 353.87265625 425.6359375
20 559.01953125 984.65546875
30 869.653125 1854.30859375
40 688.31640625 2542.625
50 531.4546875 3074.0796875
60 1495.23125 4569.3109375
70 816.196875 5385.5078125
80 1338.5921875 6724.1
90 2762.415625 9486.515625
100 3059.74375 12546.259375
110 2590.5765625 15136.8359375
120 1827.165625 16964.0015625
130 1452.46015625 18416.46171875
140 1446.8296875 19863.29140625
150 1213.6359375 21076.92734375
160 894.24375 21971.17109375
170 1043.0703125 23014.24140625
180 216.52109375 23230.7625
190 1400.90625 24631.66875
192 2.4734375 24634.1421875
