0 1.1 2.584454545454545 1.6083635027644694 6.569 1.413 0 0
10 4.5 1.7060666666666666 0.6281330856859342 6.569 1.325 2.584454545454545 11
20 16.4 1.8708597560975615 1.047357574502726 9.91 1.246 1.878607142857143 56
30 70.5 2.1444070921985867 1.6178628790070095 16.401 1.069 1.8728318181818187 220
40 713 1.863838148667608 1.5557256720873114 23.52 0.741 2.07981621621622 925
50 1538.8 6.371727384975347 11.756954473022478 1036.749 0.732 1.8886400993172006 8055
60 696.1 5.03764143082891 9.994475367406961 1036.749 0.732 4.831341423879226 23443
70 206.9 1.7358695021749622 1.1238491762185823 1036.749 0.732 4.878573838968581 30404
80 110 2.3876781818181803 2.017645528394728 1036.749 0.732 4.6783380962646115 32473
90 85 1.8711023529411739 1.3112377108021869 1036.749 0.732 4.603285944062215 33573
100 34.4 1.876401162790695 0.9066883945889951 1036.749 0.732 4.535820701275331 34423
110 22.6 2.126792035398227 1.3277054450389674 1036.749 0.732 4.50950723387122 34767
120 1.5 2.545133333333333 1.442444400623084 1036.749 0.732 4.4941186237247654 34993
130 0.2 1.4365 0.14650000000000002 1036.749 0.732 4.493283535191977 35008
140 0 0 0 1036.749 0.732 4.493108911739523 35010
150 0 0 0 1036.749 0.732 4.493108911739523 35010
160 0 0 0 1036.749 0.732 4.493108911739523 35010
162 0 0 0 1036.749 0.732 4.493108911739523 35010
