0 0.1 1.9639603763253521 0 1.9639603763253521 1.9639603763253521 0 0
10 0.1 0.3 0.0 1.9639603763253521 0.3 1.9639603763253521 1
20 0.1 3.093812375249501 0.0 3.093812375249501 0.3 1.131980188162676 2
30 0.1 1.660795168595873 0.0 3.093812375249501 0.3 1.7859242505249509 3
40 0.1 7.958984375 0.0 7.958984375 0.3 1.7546419800426816 4
50 0.1 32.624867162592984 0.0 32.624867162592984 0.3 2.9955104590341453 5
60 0.1 39.307851239669425 0.0 39.307851239669425 0.3 7.933736576293952 6
70 0.1 20.343980343980345 0.0 39.307851239669425 0.3 12.415752956776162 7
80 0.1 9.5734126984127 0.0 39.307851239669425 0.3 13.406781380176685 8
90 0.1 7.655038759689922 0.0 39.307851239669425 0.3 12.980851526647353 9
100 0.1 6.510034263338229 0.0 39.307851239669425 0.3 12.448270249951609 10
110 0.1 3.260869565217391 0.0 39.307851239669425 0.3 11.908430614804939 11
120 0.1 4.183070866141732 0.0 39.307851239669425 0.3 11.187800527339311 12
130 0.1 5.862068965517241 0.0 39.307851239669425 0.3 10.64897516878565 13
140 0.1 4.52511188463451 0.0 39.307851239669425 0.3 10.30705329712362 14
150 0.1 0.45090180360721444 0.0 39.307851239669425 0.3 9.921590536291012 15
160 0.1 0.10005002501250625 0.0 39.307851239669425 0.10005002501250625 9.329672490498275 16
162 0.1 0.1 0.0 39.307851239669425 0.1 8.78675352194029 17
