0 0.1 749.76953125 0 749.76953125 749.76953125 0 0
10 0.1 746.05078125 0.0 749.76953125 746.05078125 749.76953125 1
20 0.1 728.24609375 0.0 749.76953125 728.24609375 747.91015625 2
30 0.1 707.1875 0.0 749.76953125 707.1875 741.35546875 3
40 0.1 624.91796875 0.0 749.76953125 624.91796875 732.8134765625 4
50 0.1 467.76171875 0.0 749.76953125 467.76171875 711.234375 5
60 0.1 449.9609375 0.0 749.76953125 449.9609375 670.6555989583334 6
70 0.1 445.33984375 0.0 749.76953125 445.33984375 639.1277901785714 7
80 0.1 443.1875 0.0 749.76953125 443.1875 614.904296875 8
90 0.1 438.9296875 0.0 749.76953125 438.9296875 595.8246527777778 9
100 0.1 449.62109375 0.0 749.76953125 438.9296875 580.13515625 10
110 0.1 453.6796875 0.0 749.76953125 438.9296875 568.2702414772727 11
120 0.1 435.875 0.0 749.76953125 435.875 558.7210286458334 12
130 0.1 409.05078125 0.0 749.76953125 409.05078125 549.2713341346154 13
140 0.1 511.6640625 0.0 749.76953125 409.05078125 539.2555803571429 14
150 0.1 620.3359375 0.0 749.76953125 409.05078125 537.4161458333333 15
160 0.1 640.4765625 0.0 749.76953125 409.05078125 542.5986328125 16
162 0.1 641.15625 0.0 749.76953125 409.05078125 548.3561580882352 17
