0 0.1 0.0 0 0.0 0.0 0 0
10 0.1 0.0 0.0 0.0 0.0 0.0 1
20 0.1 0.0 0.0 0.0 0.0 0.0 2
30 0.1 0.0 0.0 0.0 0.0 0.0 3
40 0.1 0.0 0.0 0.0 0.0 0.0 4
50 0.1 0.078125 0.0 0.078125 0.0 0.0 5
60 0.1 0.30078125 0.0 0.30078125 0.0 0.013020833333333334 6
70 0.1 0.3984375 0.0 0.3984375 0.0 0.05412946428571429 7
80 0.1 0.33984375 0.0 0.3984375 0.0 0.09716796875 8
90 0.1 0.37109375 0.0 0.3984375 0.0 0.12413194444444445 9
100 0.1 0.390625 0.0 0.3984375 0.0 0.148828125 10
110 0.1 0.328125 0.0 0.3984375 0.0 0.1708096590909091 11
120 0.1 0.421875 0.0 0.421875 0.0 0.18391927083333334 12
130 0.1 0.359375 0.0 0.421875 0.0 0.20222355769230768 13
140 0.1 0.30078125 0.0 0.421875 0.0 0.21344866071428573 14
150 0.1 0.25 0.0 0.421875 0.0 0.21927083333333333 15
160 0.1 0.21875 0.0 0.421875 0.0 0.22119140625 16
162 0.1 0.1796875 0.0 0.421875 0.0 0.22104779411764705 17
