0 2.4 142.0192083333334 170.258438894371 496.095 8.127 0 0
10 13.6 109.43195588235301 197.382615203422 1366.266 4.691 142.0192083333334 24
20 21.9 715.0981872146114 1404.490644496729 7528.027 4.691 114.32004375000008 160
30 40.9 5888.2163154034315 1988.1652674017155 12709.881 4.691 461.47153034300766 379
40 666.8 340.0405004499084 1834.3202962200985 15898.777 0.537 3278.1449022842685 788
50 996.1 304.98949894588833 2333.0293978792683 22927.119 0.537 650.5590450643767 7456
60 516 1178.3865713178257 5477.006193338175 31116.706 0.537 452.9235022678984 17417
70 180.3 5195.071282307257 12567.443751208104 40651.258 0.537 618.7289430393748 22577
80 95.9 11269.943962460897 18903.628752394812 52004.793 0.537 957.1680422067247 24380
90 84.7 20937.97344982291 19688.033476572928 60460.534 0.537 1347.4735833695074 25339
100 31.5 26965.61790158729 9089.6060051777 60460.534 0.537 1981.1386481707766 26186
110 59.2 25966.77973479728 12012.659361953281 64090.818 0.537 2278.112761027884 26501
120 159.4 9470.815872647438 8306.306707788293 64090.818 0.537 2795.725828922598 27093
130 159.6 1142.8700545112738 842.8611245358475 64090.818 0.537 3166.6287999442243 28687
140 18.3 27.33252459016395 31.359981628085766 64090.818 0.537 3059.970973516493 30283
150 1.3 15.637153846153844 13.791922490223447 64090.818 0.537 3041.754836309327 30466
160 0.3 26.600666666666665 15.2562414404364 64090.818 0.537 3040.4641269726685 30479
162 0 0 0 64090.818 0.537 3040.1675063316043 30482
