0 2.4 142.0192083333334 170.258438894371 496.095 8.127 0 0
10 14.2 104.8019436619719 194.10917624327263 1366.266 4.691 142.0192083333334 24
20 23.7 664.8858481012654 1355.969791684235 7528.027 4.691 110.18275301204828 166
30 41.8 5803.572638755991 1902.4476522033033 12709.881 4.691 436.3977245657567 403
40 680.8 336.17646974148045 1821.094953766801 15898.777 0.155 3169.0154031668744 821
50 1112.3 273.69861413287805 2208.6124540986802 22927.119 0.155 641.0343494560235 7629
60 620.4 983.7778612185688 5023.503734210715 31116.706 0.155 423.1442372546931 18752
70 204.8 4586.911995605465 11920.820947728478 40651.258 0.155 562.5163723353104 24956
80 104.9 10368.106183984748 18364.652784504982 49089.277 0.155 867.7290162568507 27004
90 98.3 20200.805745676484 19348.282998460138 53468.025 0.155 1222.981418814387 28053
100 37.4 26473.21352673797 8531.367692939384 53468.025 0.155 1865.466654842264 29036
110 70.2 20358.113947293434 3783.639201858293 53468.025 0.155 2178.397539918394 29410
120 188.2 6704.238702975551 5440.64852512402 53468.025 0.155 2602.2206309776825 30112
130 185.5 908.9837671159011 510.9219766467636 53468.025 0.155 2843.5158116834396 31994
140 20.6 24.261912621359237 28.511681395562658 53468.025 0.155 2737.4991806848047 33849
150 1.5 13.531733333333333 11.142906655307172 53468.025 0.155 2721.086704478049 34055
160 0.4 19.9145 8.44025433562283 53468.025 0.155 2719.8946491634856 34070
162 0 0 0 53468.025 0.155 2719.57769428303 34074
