10 0.3 10086.559666666666 1594.3265321951947 12279.71 8536.791 0 0
20 1.2 12459.453083333332 4024.2405436926524 19971.957 7522.149 10086.559666666666 3
30 0.5 26991.3136 3068.5453875922785 29656.24 7522.149 11984.874399999999 15
40 5.2 12927.199365384613 9821.530596792272 37048.96 2391.782 15736.4842 20
50 161.2 8579.891319478902 6883.586625054627 43864.482 119.509 13707.556263888888 72
60 120.4 17633.95683887043 6071.066388933037 59121.23 119.509 8799.126400237525 1684
70 29.7 29381.741888888908 8691.84140229122 62279.999 119.509 12482.345184210522 2888
80 5.7 45893.083912280716 7978.2711262149705 73992.904 119.509 14058.207294505493 3185
90 12.6 53172.567539682546 6915.633547122075 77370.333 119.509 14617.919807526217 3242
100 2.8 63941.75071428572 8890.37046932369 85992.135 119.509 16060.28489489311 3368
110 9.6 73755.3113229166 8109.08483951175 97573.29 119.509 16455.06729858657 3396
120 27.8 84440.26667985605 8097.53127306027 111955.899 119.509 18030.33173911798 3492
130 59.2 93910.61927533768 6819.09153021822 112974.153 119.509 22927.40386472148 3770
140 8.4 99885.58197619046 5247.069955609135 113112.821 119.509 32561.072714580438 4362
150 0.6 109330.87016666667 8425.705752552392 124725.349 119.509 33833.06074381464 4446
160 0.1 128569.426 0.0 128569.426 119.509 33934.809813117674 4452
162 0 0 0 128569.426 119.509 33956.06169189308 4453
