0 95.27578125 95.27578125
10 564.65390625 659.9296875
20 957.04921875 1616.97890625
30 1851.4171875 3468.39609375
40 1122.25546875 4590.6515625
50 648.91640625 5239.56796875
60 997.175 6236.74296875
70 1115.40390625 7352.146875
80 946.7453125 8298.8921875
90 521.60390625 8820.49609375
100 514.725 9335.22109375
110 1039.83203125 10375.053125
120 3466.50859375 13841.56171875
130 3782.0984375 17623.66015625
140 590.01796875 18213.678125
150 35.07890625 18248.75703125
160 14.68671875 18263.44375
162 0 18263.44375
