0 0.5 2.3236000000000003 1.3377021492096064 4.997 1.595 0 0
10 3.8 2.049894736842105 1.1705217188001362 7.725 1.317 2.3236000000000003 5
20 19.2 2.074802083333333 1.6729328607754481 21.607 1.155 2.0817209302325583 43
30 73 1.9579219178082183 1.2966418219582139 21.607 1.084 2.076068085106383 235
40 866.1 2.329375938113388 2.2666473982778608 21.607 0.794 1.986693264248704 965
50 2207.9 4.576524072648226 11.00006601692418 1031.432 0.768 2.2950222314564774 9626
60 1053.7 1.86288801366612 1.417723215400001 1031.432 0.768 3.8838340640277633 31705
70 537.5 1.7666831627906998 1.1370079911708078 1031.432 0.768 3.379721840821934 42242
80 310.4 1.7421343427835025 1.0475558004013885 1031.432 0.768 3.19764227061764 47617
90 138.3 2.033811279826461 1.4891219883783533 1031.432 0.768 3.108568778218098 50721
100 41.2 1.9657936893203884 1.2175821930187265 1031.432 0.768 3.0800414171656714 52104
110 1 3.3418 3.877347387067607 1031.432 0.768 3.071299889557471 52516
120 0 0 0 1031.432 0.768 3.0713513878840986 52526
130 0 0 0 1031.432 0.768 3.0713513878840986 52526
140 0 0 0 1031.432 0.768 3.0713513878840986 52526
150 0 0 0 1031.432 0.768 3.0713513878840986 52526
160 0 0 0 1031.432 0.768 3.0713513878840986 52526
170 0 0 0 1031.432 0.768 3.0713513878840986 52526
180 0 0 0 1031.432 0.768 3.0713513878840986 52526
190 0 0 0 1031.432 0.768 3.0713513878840986 52526
192 0 0 0 1031.432 0.768 3.0713513878840986 52526
