0 0.1 681.36328125 0 681.36328125 681.36328125 0 0
10 0.1 680.69140625 0.0 681.36328125 680.69140625 681.36328125 1
20 0.1 667.5546875 0.0 681.36328125 667.5546875 681.02734375 2
30 0.1 647.44140625 0.0 681.36328125 647.44140625 676.5364583333334 3
40 0.1 590.7265625 0.0 681.36328125 590.7265625 669.2626953125 4
50 0.1 430.57421875 0.0 681.36328125 430.57421875 653.55546875 5
60 0.1 366.08984375 0.0 681.36328125 366.08984375 616.3919270833334 6
70 0.1 357.6484375 0.0 681.36328125 357.6484375 580.6344866071429 7
80 0.1 356.828125 0.0 681.36328125 356.828125 552.76123046875 8
90 0.1 358.47265625 0.0 681.36328125 356.828125 530.9908854166666 9
100 0.1 348.53515625 0.0 681.36328125 348.53515625 513.7390625 10
110 0.1 330.19140625 0.0 681.36328125 330.19140625 498.7205255681818 11
120 0.1 322.546875 0.0 681.36328125 322.546875 484.6764322916667 12
130 0.1 326.2109375 0.0 681.36328125 322.546875 472.20492788461536 13
140 0.1 323.53125 0.0 681.36328125 322.546875 461.7767857142857 14
150 0.1 343.19140625 0.0 681.36328125 322.546875 452.56041666666664 15
160 0.1 463.5625 0.0 681.36328125 322.546875 445.724853515625 16
170 0.1 494.97265625 0.0 681.36328125 322.546875 446.7741268382353 17
180 0.1 513.890625 0.0 681.36328125 322.546875 449.4518229166667 18
190 0.1 523.25 0.0 681.36328125 322.546875 452.8433388157895 19
192 0.1 595.1171875 0.0 681.36328125 322.546875 456.363671875 20
