0 0.1 0.0 0 0.0 0.0 0 0
10 0.1 0.0 0.0 0.0 0.0 0.0 1
20 0.1 0.0 0.0 0.0 0.0 0.0 2
30 0.1 0.078125 0.0 0.078125 0.0 0.0 3
40 0.1 0.0703125 0.0 0.078125 0.0 0.01953125 4
50 0.1 0.21875 0.0 0.21875 0.0 0.0296875 5
60 0.1 0.48828125 0.0 0.48828125 0.0 0.061197916666666664 6
70 0.1 0.5703125 0.0 0.5703125 0.0 0.12220982142857142 7
80 0.1 0.7890625 0.0 0.7890625 0.0 0.17822265625 8
90 0.1 0.671875 0.0 0.7890625 0.0 0.24609375 9
100 0.1 0.640625 0.0 0.7890625 0.0 0.288671875 10
110 0.1 0.62109375 0.0 0.7890625 0.0 0.32066761363636365 11
120 0.1 0.53125 0.0 0.7890625 0.0 0.345703125 12
130 0.1 0.51953125 0.0 0.7890625 0.0 0.35997596153846156 13
140 0.1 0.44140625 0.0 0.7890625 0.0 0.37137276785714285 14
150 0.1 0.37109375 0.0 0.7890625 0.0 0.37604166666666666 15
160 0.1 0.30859375 0.0 0.7890625 0.0 0.375732421875 16
170 0.1 0.26171875 0.0 0.7890625 0.0 0.3717830882352941 17
180 0.1 0.21875 0.0 0.7890625 0.0 0.3656684027777778 18
190 0.1 0.19140625 0.0 0.7890625 0.0 0.3579358552631579 19
192 0.1 0.16015625 0.0 0.7890625 0.0 0.349609375 20
