0 2.4 106.05804166666668 123.88464274527036 372.128 7.077 0 0
10 12.3 105.5377154471545 167.63305221117486 910.888 4.931 106.05804166666668 24
20 17.4 1377.23841954023 1842.3126416740427 7590.783 4.931 105.62266666666669 147
30 29.4 6252.558683673474 2247.2594122118776 12699.949 4.931 794.909710280374 321
40 801.5 286.2676969432286 1802.3874530367043 16693.323 1.49 3403.9321463414653 615
50 1649.3 218.9030247377675 2056.5253983905136 25209.948 1.434 508.4419305909592 8630
60 1032.4 1296.5702788647857 5839.363286305372 32240.873 1.434 318.36251434940004 25123
70 532.5 1826.4760065727653 7406.514883180923 39378.838 1.434 603.2672160408505 35447
80 318 6178.743799999977 10142.819718434252 40568.572 0.283 763.0235882958893 40772
90 199.5 6510.783294235582 4667.761456813373 40568.572 0.283 1154.8599159537662 43952
100 143.7 6071.235290883789 1608.9805946326526 40568.572 0.283 1387.4119245652582 45947
110 108.2 5430.0593225508255 2222.473053998576 40568.572 0.283 1529.4567957749437 47384
120 63.9 8147.1218215962435 2752.309486684769 40568.572 0.283 1616.5374695250262 48466
130 47.2 9356.512423728813 3569.4739330480656 40568.572 0.283 1701.5195161796134 49105
140 54.1 8096.954846580391 4122.777540315746 40568.572 0.283 1774.3992114488556 49577
150 37.5 5942.815136000004 6522.62481662756 40568.572 0.283 1842.648195817868 50118
160 12.4 9483.558217741938 8322.092755088803 40568.572 0.283 1873.0992009585468 50493
170 17.7 5590.527429378532 7225.048343127233 40568.572 0.283 1891.74307392773 50617
180 1.8 18227.232166666665 8829.593099310576 40568.572 0.283 1904.6320929243593 50794
190 14.7 10545.928775510205 11406.916158665821 40568.572 0.283 1910.414325493976 50812
192 0.3 6.028333333333333 1.878738820473872 40568.572 0.283 1935.3249521576151 50959
