0 10.4234375 10.4234375
10 56.72890625 67.15234375
20 101.578125 168.73046875
30 188.0390625 356.76953125
40 1069.45 1426.21953125
50 2340.825 3767.04453125
60 1965.87265625 5732.9171875
70 1574.72734375 7307.64453125
80 1013.1265625 8320.77109375
90 604.58984375 8925.3609375
100 424.47421875 9349.83515625
110 358.98359375 9708.81875
120 213.85390625 9922.67265625
130 157.82265625 10080.4953125
140 154.71796875 10235.21328125
150 142.79296875 10378.00625
160 69.04296875 10447.04921875
170 80.72578125 10527.775
180 9.015625 10536.790625
190 41.1828125 10577.9734375
192 1.76015625 10579.73359375
