0 0.117647058823529 4
34 0.382352941176471 13
44 0.911764705882353 44
54 1.14705882352941 83
64 1.38235294117647 130
74 1.32352941176471 175
84 1.14705882352941 214
94 1.32352941176471 259
104 1.26470588235294 302
114 4.82352941176471 466
124 24.2647058823529 1291
134 25.0588235294118 2143
144 9.23529411764706 2457
154 15.0882352941176 2970
164 23.2352941176471 3760
174 16.5294117647059 4322
184 11.9117647058824 4727
194 10.7352941176471 5092
204 6.20588235294118 5303
214 2.14705882352941 5376
224 1.44117647058824 5425
232 1.76470588235294 5485
