0 0.147058823529412 2.7478 1.9354570932986348 6.543 1.494 0 0
34 0.323529411764706 2.5571818181818182 1.1831181312095147 4.998 1.534 0 0
44 1.44117647058824 2.1480204081632657 1.4321200139225008 8.469 1.285 2.5571818181818182 11
54 4.94117647058824 2.1420059523809547 1.314843008449804 15.204 1.285 2.2230333333333334 60
64 20.2352941176471 2.141068313953493 1.7293429496442763 21.317 0.984 2.1633289473684227 228
74 205.382352941176 1.9870382357153085 1.471946782005042 23.08 0.799 2.146609170305681 916
84 491.5 4.518209442881923 14.613149448602472 1025.924 0.799 2.0055427269274597 7899
94 310.941176470588 2.1014814604616086 1.8135650284733484 1025.924 0.789 3.7117261275904028 24610
104 173.911764705882 2.1340113309656763 1.7630821048414373 1025.924 0.789 3.227856346995621 35182
114 86.2058823529412 2.1056550665301983 1.404456389135687 1025.924 0.789 3.0704672344567463 41095
124 51.9705882352941 2.0534086021505327 1.4276746701452456 1025.924 0.789 3.0062355426338985 44026
134 29.8529411764706 1.9417310344827592 1.0804012078955125 1025.924 0.789 2.9694691109994977 45793
144 14.9117647058824 2.038834319526625 1.086473333271888 1025.924 0.789 2.947183301999658 46808
154 4.41176470588235 1.9549 1.2422353977138687 1025.924 0.789 2.9374499630138438 47315
164 0.0882352941176471 2.5176666666666665 0.9010883542817664 1025.924 0.789 2.9343448857052565 47465
174 0 0 0 1025.924 0.789 2.9343185514451844 47468
184 0 0 0 1025.924 0.789 2.9343185514451844 47468
194 0 0 0 1025.924 0.789 2.9343185514451844 47468
204 0 0 0 1025.924 0.789 2.9343185514451844 47468
214 0 0 0 1025.924 0.789 2.9343185514451844 47468
224 0 0 0 1025.924 0.789 2.9343185514451844 47468
232 0 0 0 1025.924 0.789 2.9343185514451844 47468
