0 0.1 0.0 0 0.0 0.0 0 0
10 0.1 0.0 0.0 0.0 0.0 0.0 1
20 0.1 0.0 0.0 0.0 0.0 0.0 2
30 0.1 0.16015625 0.0 0.16015625 0.0 0.0 3
40 0.1 0.12890625 0.0 0.16015625 0.0 0.0400390625 4
50 0.1 0.3515625 0.0 0.3515625 0.0 0.0578125 5
60 0.1 0.44921875 0.0 0.44921875 0.0 0.10677083333333333 6
70 0.1 0.37890625 0.0 0.44921875 0.0 0.15569196428571427 7
80 0.1 0.46875 0.0 0.46875 0.0 0.18359375 8
90 0.1 0.390625 0.0 0.46875 0.0 0.2152777777777778 9
100 0.1 0.328125 0.0 0.46875 0.0 0.2328125 10
110 0.1 0.28125 0.0 0.46875 0.0 0.24147727272727273 11
120 0.1 0.23828125 0.0 0.46875 0.0 0.24479166666666666 12
130 0.1 0.19921875 0.0 0.46875 0.0 0.2442908653846154 13
140 0.1 0.171875 0.0 0.46875 0.0 0.24107142857142858 14
150 0.1 0.140625 0.0 0.46875 0.0 0.23645833333333333 15
160 0.1 0.12109375 0.0 0.46875 0.0 0.23046875 16
170 0.1 0.1015625 0.0 0.46875 0.0 0.22403492647058823 17
180 0.1 0.08984375 0.0 0.46875 0.0 0.2172309027777778 18
182 0.1 0.0703125 0.0 0.46875 0.0 0.21052631578947367 19
