0 54.0921875 54.0921875
10 356.58515625 410.67734375
20 626.3078125 1036.98515625
30 801.40546875 1838.390625
40 657.7359375 2496.1265625
50 674.19296875 3170.31953125
60 1779.1953125 4949.51484375
70 442.4953125 5392.01015625
80 378.134375 5770.14453125
90 336.26875 6106.41328125
100 868.5875 6975.00078125
110 1590.78359375 8565.784375
120 1971.84140625 10537.62578125
130 839.41640625 11377.0421875
140 927.98046875 12305.02265625
150 849.91640625 13154.9390625
160 788.6625 13943.6015625
170 824.62734375 14768.22890625
180 1438.05078125 16206.2796875
182 0.8296875 16207.109375
