0 0.6 2.6404999999999994 3.6906073912930193 10.885 0.799 0 0
10 4.8 1.1796874999999998 0.5289693656949805 10.885 0.729 2.6404999999999994 6
20 19 1.2869736842105266 1.6807420649169116 20.447 0.557 1.3419999999999999 54
30 77.8 1.6001580976863772 1.595194845725043 22.842 0.418 1.2991516393442626 244
40 1070.4 3.0998135276532213 3.2464913439464556 33.016 0.291 1.5282935420743655 1022
50 958.1 1.7330955015134082 1.8519928222299045 33.016 0.277 2.962844959918138 11726
60 352.7 1.3849824213212343 1.3470659886172194 33.016 0.277 2.409870371239501 21307
70 178.3 1.9443864273695999 2.6007302849399188 33.016 0.277 2.264312676169769 24834
80 74.5 1.3676966442953016 1.2575254946601602 33.016 0.277 2.242881692151634 26617
90 36.7 1.2956158038147143 1.0300312008558845 33.016 0.277 2.2190525546378206 27362
100 12.7 1.3729448818897636 1.0056502131917948 33.016 0.277 2.2068306466154586 27729
110 0.4 1.2185000000000001 0.30939982223653584 33.016 0.277 2.2030288268236666 27856
120 0 0 0 33.016 0.277 2.202887473079686 27860
130 0 0 0 33.016 0.277 2.202887473079686 27860
140 0 0 0 33.016 0.277 2.202887473079686 27860
150 0 0 0 33.016 0.277 2.202887473079686 27860
160 0 0 0 33.016 0.277 2.202887473079686 27860
170 0 0 0 33.016 0.277 2.202887473079686 27860
180 0 0 0 33.016 0.277 2.202887473079686 27860
182 0 0 0 33.016 0.277 2.202887473079686 27860
