0 0.1 1.396704903168236 0 1.396704903168236 1.396704903168236 0 0
10 0.1 0.5489021956087825 0.0 1.396704903168236 0.5489021956087825 1.396704903168236 1
20 0.1 1.734390485629336 0.0 1.734390485629336 0.5489021956087825 0.9728035493885092 2
30 0.1 3.9100684261974585 0.0 3.9100684261974585 0.5489021956087825 1.2266658614687849 3
40 0.1 10.170293282876063 0.0 10.170293282876063 0.5489021956087825 1.8975165026509533 4
50 0.1 52.72473218444341 0.0 52.72473218444341 0.5489021956087825 3.5520718586959754 5
60 0.1 33.912248628884825 0.0 52.72473218444341 0.5489021956087825 11.747515246320548 6
70 0.1 21.490231712857792 0.0 52.72473218444341 0.5489021956087825 14.913905729544016 7
80 0.1 13.100848256361921 0.0 52.72473218444341 0.5489021956087825 15.735946477458238 8
90 0.1 6.899902818270165 0.0 52.72473218444341 0.5489021956087825 15.443157786225315 9
100 0.1 4.411764705882353 0.0 52.72473218444341 0.5489021956087825 14.5888322894298 10
110 0.1 4.283604135893649 0.0 52.72473218444341 0.5489021956087825 13.663644327289122 11
120 0.1 3.92349190779794 0.0 52.72473218444341 0.5489021956087825 12.8819743113395 12
130 0.1 5.263157894736842 0.0 52.72473218444341 0.5489021956087825 12.192860280297841 13
140 0.1 1.6336633663366338 0.0 52.72473218444341 0.5489021956087825 11.697881538472057 14
150 0.1 0.9462151394422311 0.0 52.72473218444341 0.5489021956087825 11.026933660329695 15
160 0.1 0.8470353761833582 0.0 52.72473218444341 0.5489021956087825 10.39688875277423 16
170 0.1 0.9462151394422311 0.0 52.72473218444341 0.5489021956087825 9.835132671798295 17
180 0.1 1.1922503725782414 0.0 52.72473218444341 0.5489021956087825 9.341303920000737 18
182 0.1 0.9471585244267198 0.0 52.72473218444341 0.5489021956087825 8.912406364873236 19
