0 0.1 680.71875 0 680.71875 680.71875 0 0
10 0.1 680.08984375 0.0 680.71875 680.08984375 680.71875 1
20 0.1 665.9921875 0.0 680.71875 665.9921875 680.404296875 2
30 0.1 642.9140625 0.0 680.71875 642.9140625 675.6002604166666 3
40 0.1 595.9609375 0.0 680.71875 595.9609375 667.4287109375 4
50 0.1 506.3984375 0.0 680.71875 506.3984375 653.13515625 5
60 0.1 500.77734375 0.0 680.71875 500.77734375 628.6790364583334 6
70 0.1 465.2890625 0.0 680.71875 465.2890625 610.4073660714286 7
80 0.1 453.55859375 0.0 680.71875 453.55859375 592.267578125 8
90 0.1 452.0625 0.0 680.71875 452.0625 576.85546875 9
100 0.1 448.73828125 0.0 680.71875 448.73828125 564.376171875 10
110 0.1 425.6484375 0.0 680.71875 425.6484375 553.8636363636364 11
120 0.1 432.48046875 0.0 680.71875 425.6484375 543.1790364583334 12
130 0.1 459.94140625 0.0 680.71875 425.6484375 534.6637620192307 13
140 0.1 456.86328125 0.0 680.71875 425.6484375 529.3264508928571 14
150 0.1 452.125 0.0 680.71875 425.6484375 524.4955729166667 15
160 0.1 449.515625 0.0 680.71875 425.6484375 519.972412109375 16
170 0.1 479.74609375 0.0 680.71875 425.6484375 515.8278952205883 17
180 0.1 509.3671875 0.0 680.71875 425.6484375 513.8233506944445 18
182 0.1 553.6328125 0.0 680.71875 425.6484375 513.5888157894736 19
