0 2 104.59214999999999 140.82020215838176 410.886 6.306 0 0
10 13.1 141.3615267175572 270.0100849453089 1171.667 3.96 104.59214999999999 20
20 21.2 1151.2011179245287 1500.7381650064588 7238.518 3.96 136.49141059602644 151
30 28.3 5246.8057703180175 2318.0104919738087 12126.583 3.96 729.1042424242427 363
40 527.9 486.4354521689703 2359.761451084123 17201.994 0.483 2708.2211656346735 646
50 681 694.1229092510991 3729.362955518399 24989.91 0.464 728.675717299577 5925
60 326.9 4688.7273569899 10284.541420085425 32246.799 0.464 710.198715115821 12735
70 166.5 4650.220397597597 10926.2876551931 37697.987 0.464 1522.8586832666808 16004
80 71.2 16254.646605337057 11246.10257077652 37923.159 0.464 1817.5588504725768 17669
90 38.7 20786.835291989686 10164.969165833574 37923.159 0.464 2376.788842391597 18381
100 80.4 22095.09501368159 3866.3983183178857 37923.159 0.464 2756.4077669437315 18768
110 64.1 13638.088987519503 3928.605416381826 37923.159 0.464 3550.8234907520928 19572
120 103.4 6822.7339526112155 4364.000346933295 37923.159 0.464 3870.7135211002796 20213
130 19.4 7440.715654639175 3575.2002341399175 37923.159 0.464 4014.3756440438624 21247
140 11.8 14739.535838983053 3027.1371533079687 37923.159 0.464 4045.377461219157 21441
150 11.2 20137.413303571433 3936.6104206024197 37923.159 0.464 4103.910356463655 21559
160 9.5 21339.217547368426 7713.791287052527 37923.159 0.464 4186.774660375615 21671
170 12.2 16054.98599180328 13103.462940129393 38805.243 0.464 4261.638304327848 21766
180 11.5 14470.973252173915 15672.314572694842 38805.243 0.464 4327.372424296415 21888
182 0.1 4.445 0.0 38805.243 0.464 4380.388562786889 22003
